@rep:1
@time:697
@trys:?
@seed:?
@dps-begin:
4611,1013,6452,3672,2092
3710,5608,1401,116,448
4611,1013,6452,2092,4460
4602,6364,2137,2998,3757
4602,6364,6452,1454,2998
4602,6364,5845,2092,338
4602,6364,6452,2998,2092
4602,6364,5845,338,6456
3710,1300,3752,787,544
4602,6364,6452,2092,338
4602,6364,6452,2735,338
3710,1300,448,2991,787
4602,6286,3757,2998,1919
4602,6364,6452,2735,2336
2671,2476,4291,2998
3710,1300,3752,787,1454
4602,6364,6452,2735,1055
3710,5608,116
4602,6286,3757,2998,6384
4602,6364,5845,6456
@dps-end:
