@rep:1
@time:1572
@trys:?
@seed:?
@dps-begin:
2665,97,9548,7592,2095
2665,8415,9976,2095,6326
2665,8415,9976,2095,9570
2665,8415,6326,2095,9976
2665,8415,6326,2095,9570
2665,8415,9976,9570,6326
2665,8415,9976,9570,2095
7880,6326,2095,3582,9976
2665,8415,2095,9570,6326
2665,8415,6326,9570,9976
7880,6326,2095,9976,9570
2665,8415,2095,9548
9368,978,8415,1873
9675,2095,7069,2410
7880,6326,9976,9570,7828
2665,8415,9976
9368,978,8415,2095
9675,2095,2410,570
2665,8415,9570,7828
7880,6326,2095,9976
@dps-end:
