@rep:1
@time:2910
@trys:?
@seed:?
@dps-begin:
8828,6439,6638,5453
6638,6439,3919,2577,5453
261,6638,8552,3804,3919
8828,6638,5453,6439
6638,6439,3919,5453,2577
6638,6439,3919,3925,10513
261,6638,8552,10706,3919
6638,6439,3919,5453,8330
261,6638,8552,10706,5453
6638,3919,3925,8330,9099
261,5453,8552,10706,6239
6638,6439,3925,10465,10513
6638,3919,3925,8330,11789
261,5453,8552,10706,3919
2577,3804,1171,8330,8578
8828,6439
6973,3804,9099,11789,3919
261,5453,3919,10706,1227
6638,3919,3925,8330,902
6638,6439,3925,2577
@dps-end:
