@rep:1
@time:685
@trys:?
@seed:?
@dps-begin:
4214,6939,4829,4360,4137
4214,4360,2184,5807,2003
4137,218,6102,3660,4829
4214,4360,1289,4441,2003
6255,4829,3660,4137,2003
4214,6939,4829,4360,2003
4137,218,3660,4829,2003
4214,6939,4441,2003,1084
6255,4829,5807,87
4214,6939,4441,1289,2210
4137,218,3660,4829,3472
4214,4360,5807
4137,218,4829,2003,1738
4214,6939,4441,1999,4829
4214,4360,1289,2247
4137,218,4829,2003,312
4214,218,6939,4120
4137,218,3660,4829,5721
6255,4829,5807,2003
4214,6939,4441,1289,1084
@dps-end:
