@rep:1
@time:739
@trys:?
@seed:?
@dps-begin:
6527,6964,2585,385,5420
6527,6964,2585,5420,385
6964,2585,6527,385,5420
6964,2585,385,5420,6527
6527,6964,385,5420,2585
6527,6964,2585,385
6964,2585,2355,4697
6964,1154,5420,2465,465
6527,2585,5420,385,196
3161,3682,1661,1186,6043
6527,5603,5420,1673,38
6964,385,2465,1099,4482
6527,2585,5420,1961,460
6964,3161,5420,6599
6964,2585,5420
3161,3682,2336,2465
6527,5603,5420,6043,5522
6964,385,2465,4346
3161,3682,2336,1931,1673
6527,5603,2465,4697
@dps-end:
