@rep:1
@time:710
@trys:?
@seed:?
@dps-begin:
1499,4938,3130,3240,2335
1499,4938,3130,6764,3240
1499,150,4785,6764,4938
1499,4938,3130,3240,6764
1499,150,4785,6764
1499,4938,3130,6764,164
1499,6533,6764,3130,5631
1499,4938,6764,3130,164
1499,6416,3130,5783,6764
2838,3866,4133,1499,3130
1499,4938,3240,2335
1499,4790,332,3130
1499,150,4785
2838,3866,4133,3130,2828
1499,6416,5783,6764
1499,4938,3130,164
2838,3866,4133,3130
1499,6416,5783
2838,150,4785
1499,4938,164
@dps-end:
