@rep:1
@time:4.08
@trys:1996480
@seed:179424673
@dps-begin:
3801,4938,3130,1499,164,3420
3240,1906,4938,1499,4790
4785,4938,1499,6764,150
4938,3130,1499,6764,6533
7120,4938,3130,1499,1308,164
7120,3801,4938,3130,1499,164
7120,2065,4938,3130,1499,4790
3240,4938,3130,1499,1308,2335
3240,3801,4938,3130,1499,2335
3784,3801,4938,1499,3420,3964
164,789,3801,4938,3130,1499,3420
164,4133,3801,4938,3130,1499,3420
6577,164,3801,4938,3130,1499,3420
3240,1906,1499,4790
4785,1499,6764,150
3130,4938,1499,332,4790
4938,3130,1499,1308,164
3801,4938,3130,1499,164
3801,4938,1499,164,3420
3801,4938,3130,1499,3420
@dps-end:
