@rep:1
@time:31.04
@trys:8913680
@seed:179424673
@dps-begin:
6257,2148,9014,8438,9897,3835,2060,3679,7823
18368,6257,2148,9014,8438,9897,3835,2060,3679,7823
6257,2148,9014,8438,9897,3835,2060,3679
18368,6257,2148,9014,8438,9897,3835,2060,3679
18368,1842,2148,9014,8438,5302,3835,2060,7823
18368,10309,9014,8438,4825,2060,13388,3679,7823
6257,2148,9014,8438,9897,3835,2060,3679,7823,16495
6257,2148,9014,8438,17271,9897,3835,2060,3679,7823
6257,1842,2148,9014,8438,3835,2060,3679
1842,2148,9014,8438,3835,2060,3679,7823
1842,2148,9014,8438,9897,3835,2060,3679
6257,2148,9014,8438,3835,2060,3679,7823
2148,9014,8438,9897,3835,2060,3679,7823
6257,2148,9014,8438,9897,3835,2060,7823
8080,6257,9014,8438,4825,2060,3679,7823
2148,9014,8438,9897,2060,13388,3679,7823
9014,8438,4825,9897,2060,13388,3679,7823
6257,2148,8438,4775,9897,2060,7823,3679
6257,2148,8438,4775,12233,2060,7823,3679
1842,2148,9014,8438,5302,3835,2060,3679
@dps-end:
