@rep:1
@time:15.03
@trys:4032080
@seed:179424673
@dps-begin:
10706,275,8828,5453,6638,6439
10706,8828,5453,261,6638,966
10706,275,8828,3925,6638,6439
10706,275,6439,154,8828,5453,6638
10706,275,1171,8828,261,3925
10706,261,966,154,8828,5453,6638
8828,5453,6638,6439
8828,3804,6638,6439
8828,3925,6638,6439
154,8828,5453,6638,6439
275,8828,5453,6638,6439
2907,8828,5453,6638,6439
10706,8828,5453,6638,6439
10706,8828,5453,6638,966
10706,8828,5453,966,7503
8828,5453,821,6638,6439
8828,5453,6421,6638,6439
6897,8828,5453,6638,6439
154,8828,3804,6638,6439
275,8828,3804,6638,6439
@dps-end:
