@rep:1
@time:15.12
@trys:4032080
@seed:179424673
@dps-begin:
8828,5453,6638,6439
10706,275,8828,5453,6638,6439
8828,3804,6638,6439
8828,3925,6638,6439
154,8828,5453,6638,6439
2907,8828,5453,6638,6439
275,8828,5453,6638,6439
10706,8828,5453,6638,6439
10706,8828,5453,6638,966
10706,8828,5453,966,7503
8828,5453,6421,6638,6439
6897,8828,5453,6638,6439
8828,3925,6638,6439,151
8828,5453,821,6638,6439
154,2907,8828,5453,6638,6439
4035,8828,3804,6638,6439
8828,3925,6638,5870,6439
8828,3925,6638,11798,6439
154,8828,3804,6638,6439
8828,3925,6638,6439,4783
@dps-end:
