@rep:1
@time:4.73
@trys:1711280
@seed:179424673
@dps-begin:
4360,4137,1289,6939,4829,4214
4360,4137,6939,2003,4829,4214
4360,2184,4441,2003,4214,5807
4360,2184,2003,4829,4214,5807
4360,2003,1308,4829,4214,5807
4360,4137,1738,2003,4829,4214
4360,4137,6939,4829,4214
4360,2184,1289,2003,1084,4214
4360,2184,680,2003,4214,5807
4360,2184,2003,1037,4214,5807
4360,2184,1289,1084,4214
4360,2184,4441,1084,4214
4360,2184,2003,4214,5807
4360,2184,3322,4214,5807
4360,2184,4441,4214,5807
4360,2184,4829,4214,5807
4360,2184,4137,4214,6102
4360,2184,4441,4214,6102
4360,172,4829,4214,5807
4360,1308,4829,4214,5807
@dps-end:
