@rep:1
@time:4.151
@trys:1996480
@seed:179424673
@dps-begin:
3801,4938,3130,1499,164,3420
3240,1906,1499,4790
4785,1499,6764,150
4938,3130,1499,1308,164
3130,4938,1499,332,4790
3130,1499,6764,6533,629
3801,4938,3130,1499,164
936,1499,3550,5135
3801,4938,1499,164,3420
4785,1499,150,2838
3801,4938,3130,1499,3420
3240,1906,1499,4790,2215
3130,1499,6764,6533,5631
4785,1499,6764,661,150
3240,1906,1499,4790,279
4785,1499,6764,725,150
3240,1906,1499,4790,5039
4785,1499,6764,1813,150
3240,1906,1499,629,4790
4785,1499,6764,150,2974
@dps-end:
