@rep:1
@time:4.57
@trys:1995920
@seed:179424673
@dps-begin:
448,1300,5608,1401,2137,6364,3710
4611,6452,2092,4460,1013,261
5608,448,1401,2137,1300,3710
4611,6452,2092,4460,1013
5608,448,1401,1300,6364,3710
2112,1401,4602,2476,6452,3543
5608,3752,1401,1300,6364,3710
3672,4611,6452,2092,1013
5608,1401,1300,6452,6364,3710
5608,544,1300,6452,6364,3710
3441,4611,6452,2092,4460,1013
5608,4602,1300,6452,6364,3710
4611,3059,6452,2092,1013
5608,448,1401,2137,6364,3710
6105,4611,6452,2092,4460,1013
5608,3752,1401,6364,3757,3710
4611,1843,6452,2092,1013,261
5608,448,1401,1300,3710
5608,3752,1401,1300,3710
4611,6452,1013,261,2092,4460,2767
@dps-end:
