@rep:1
@time:1.99
@trys:437644
@seed:179424673
@dps-begin:
4214,6102,2247,4360,4137,3322,3660,4829
482,5236,5192,3689
369,1986
6792,5033
6067,5315
824,3694
5765,5535
5250,3087
4266,5407
3164
1602,6124
3010,2139
6153,4474
4921
5014,6392
4912,6291
110,2447
4148,2412
1988
5865,5038
@dps-end:
@rep:2
@time:1.82
@trys:394913
@seed:125164703
@dps-begin:
4214,6102,2247,4360,4137,3660,4829,4207
5233,4407
4148,5545
7100,5887
6659,2183
2139,4109
1810,5270
5890,1067,4829
5365,1461
371,6680
3554,4043
2799
822,6172
15
3441,6275,934,4680
6100,696,1741
4244,1930
1986,2200
5579
6990
@dps-end:
@rep:3
@time:1.74
@trys:373355
@seed:132011827
@dps-begin:
2021,4214,2247,2184,4360,4441,1084,5807
5233,2647
5569,1124
2139
146,4347
1780,5573,4358
3164
5585,3250,5842,1620
3945,1340,6765
6464,2183,4441
5997,4207
688,132
181,3659
615,3004
3447,6808
5765,6990
108,1918,1438
1988
5368,236
3347,6748,4766
@dps-end:
@rep:4
@time:1.81
@trys:408987
@seed:124987441
@dps-begin:
4214,2247,760,4360,2184,1289,4441,1084
5233,758
2139,4318
4148,2189
2048,3164
2616,3660,1917
7057,2582,5034
1402,6300,5951
6179,3572
4195,6275,5351
6328
5211,4779,4462
6090,6172
2132,5197
116,6122
6124,1246
3793,6642
757,4763
5800
5782,5002
@dps-end:
@rep:5
@time:1.59
@trys:366053
@seed:123979721
@dps-begin:
4214,2247,4360,4441,3660,4829,5807
1586,3254,760
5233
2432,6259,4916
1777,6321
1420,5759
4293,1078,6255
2755,5865,425,1547,1150
6935,6220
1827,1084,6398
4916,1279
2296
1988,5531
2132,852
405,4666
320,2224
2033,1777,3283
2139,4397
2241,643,2247,2255
6578,190
@dps-end:
@rep:6
@time:1.75
@trys:401726
@seed:119777719
@dps-begin:
4214,6102,2247,4360,2184,4441,5807
5233
3619,6795
4200,6153,6750
2241,435,1875,2905
3052,1614
5830,6312
3250,282
3978,13
3572,5335,5708
1986,3449
2288,1312,5957
1408,900
6524,1614
6392,2863
4473
3283,3247
7008,6659
4128,5877
7122,1236,6350
@dps-end:
@rep:7
@time:1.83
@trys:430636
@seed:117705823
@dps-begin:
2003,4214,6102,4360,4137,3660,4829
5233
4632,2349
3797,5751,1831
2582,2975
5355,2139
1124,6873,602
2130,5716,2166,3831
5635,3220
515,757
4916,824
2465,1922
3987,1988
5188,884,503,6285
6720,2595,6350
1988,5964
132,2639
4148,2270
2141
5865,3418
@dps-end:
@rep:8
@time:1.35
@trys:309071
@seed:112131119
@dps-begin:
2003,4214,2184,4360,1289,4137,4829
6841,2266,6795
5348,2616
5573,440,4252
2080,5315,5019
114,5943
1780,6025
6944,6360,1369
7122,4695
5603,6532
6517
6133,7006
132
4754,4772
1043,4324,618
760,6508,1420,3565
5800,2187
2432,7045
5473,6554,6827
1030,6855
@dps-end:
@rep:9
@time:1.7
@trys:395002
@seed:108626351
@dps-begin:
4214,6102,2247,4360,4137,3660,4829,6255
5233,4829
2969,7117
5713,6851
2643,3254
5925,1420
993,2945
132,6744
1750,3433,5599
6726,5887
6600,5721
2296,2687
6392,3886
4864,6983
3329,2141
2083,5943
1988
2274,4134
3081,6124
5197
@dps-end:
@rep:10
@time:1.88
@trys:416408
@seed:107980007
@dps-begin:
2804,6102,4214,2247,4360,4137,3660,4829
5233
2349
5315,3098
5765,652,5244,45
1554,132
3907,1332,6795
5270,1402
4666,218
482,5890
2296,2621
5001,5197
5408,5828
1122,2504,5368
4054,6153,475
4962,7055
2177,5579
3731,1561
2389,3113,1519
4882,5207,943
@dps-end:
