@rep:1
@time:3.101
@trys:429114
@seed:179424673
@dps-begin:
11026,386,12010,11900,3148,9167
4585,2731,3148,9167
11514,1098,3148
7440,2425,5609,3148
386,5542,3148,9167
289,1639,12236,3148,5839,9167
11026,6228,3014,4728,11900,3148
3792,4585,2731,1564,3148,9167
8017,3148,11549,3182
3977,2425,1098,7052
8019,2731,3148,9532,5837,2399
5542,1098,3148,11886
3792,4722,3146,6284,3148,11886
7440,3014,3977,1098
7954,4585,2731,3148,7052
7586,709,3014,2425,3148,5839
7586,3148,9167
12481,10548,8376,9947,2731,9167
3792,7440,8741,10856,3148
8017,11026,3977,1098
@dps-end:
@rep:2
@time:2.82
@trys:403872
@seed:125164703
@dps-begin:
12010,3148,990,9167
12312,12010,3148,9167
7586,3148,2989,9167
7586,1564,3148,4478
7586,6228,3014,8636
7440,2425,3148,7052
6488,2425,1098,3148,12236
7586,3014,2425,8266,3148,990
6228,11050,12236,3148
6228,8636,7052
12146,3014,2425,2731,3148
10824,10856,2425,3148
11552,10806,12010,1098,2731,3148
3014,2425,3148,10239
8741,8951,2731,3148,9167
7633,6228,1639,3977,1564,9167
3425,9495,3148,1564
12010,3148,9167
2467,3977,7052,1564
11335,2425,8266,1162
@dps-end:
@rep:3
@time:2.66
@trys:378630
@seed:132011827
@dps-begin:
7633,2425,3148,3182
7633,2425,1564,3148,3182
9795,11514,8394,3148,9167
6593,12146,12010,3148
10856,2425,8394,3148
386,10856,8312,2425,3148
11890,5542,1098,1499,3148
709,10856,2425,11900,3148
2425,1098,3148,7052,5839
3014,1639,2425,7052,3148
9525,5606,2425,3148,3182
1035,3148,7052
6228,7572,4585,10684,7052
8017,3014,3148,11900
7572,326,3014,2425
5669,3148,7052,9167
8017,7586,11890,10856
3684,2425,1098,3148
709,6615,1098,11514
8017,7586,1564,11886,3182
@dps-end:
@rep:4
@time:2.74
@trys:391251
@seed:124987441
@dps-begin:
7633,2425,3148,3182
11026,12279,1639,1098,3148
7586,3148,1564,5839
8423,10363,3148,9167
1602,7052,3148
6228,3014,1098,3148
3792,2467,5003,3148,3182
7586,6228,3148,11886
3792,6228,3014,3148
6228,3014,7083,3148
8017,7586,374,3148,3182
2,2933,3014,8266,1564,3148
11026,7586,709,1564,5132
8017,11026,6307,8741,3148
3014,4105,11050,1162
3248,2731,3148,3182
8017,7586,10584,3148,9167
9539,885,3014
1602,6876,3148,11820,7711
6228,5542,4585,3182,990
@dps-end:
@rep:5
@time:2.73
@trys:391251
@seed:123979721
@dps-begin:
12386,7586,7927,1639,3148,1340,9167
7440,4585,2731,5839,9167
7633,5542,2026,3148,1564
8741,2425,3148,3182
7586,8423,1564,3148
6228,3148,7052
3014,2425,3148,3309
7440,1098,7052
11026,2425,4585,10141,5839
8017,5444,3148,12236,9167
11890,1098,10363,3182
11888,2425,4585,4105,3946,10363,3182
8017,1098,3148,3182
11026,11817,12010,3148,9167
1602,11026,3148,3182,11983
8017,7586,8019,709,11054,9167
5542,10856,2731,11886
859,2731,3148,9167
1035,12236,1564,3148
7586,3014,2425,10363,3148,9596
@dps-end:
@rep:6
@time:2.8
@trys:391251
@seed:119777719
@dps-begin:
7633,11026,4728,2425,3148,3182
7440,5609,2425,3148
10856,5609,2425,3148
6228,5606,3014,3148
7586,5542,1564,3148
12146,5444,2731,3148
3494,2425,2731,3148,3182
2467,1639,1098,3148,11886
7954,709,2425,12010,1564
8275,2425,1098,3148
6228,2731,3148,5837
6921,6521,2731,3148,1564
10548,5606,2425,3148,1564
84,5542,2425,3148,3182
289,2425,10363,2332,12172,3148,3182
6488,6632,1098,12010,3148
11026,5542,3242,3148
6228,10548,2731,3148
6769,2731,3148,9167
8275,2731,3148,1564
@dps-end:
@rep:7
@time:2.94
@trys:416493
@seed:117705823
@dps-begin:
7633,386,2425,3148,11549,3182
7586,7927,1564,3148
1602,11514,1098,3148
1602,3014,2425,3148
3792,1639,2425,2731,3148,3182
12481,2425,2731,3148,3182
7927,5609,3148,7052,3182
10708,11514,1098,3148
326,11514,1098,3148
2425,3977,2731,3148,3182
12010,3148,3292,3182
8312,2425,3148,2989
1010,2425,3148,11549,10749,3182
12146,1602,10363,3148
6228,2425,3977,7052
4728,2425,1098,3242,3148
326,1639,3977,11549,3182
8017,8312,2425,11900,3148
1010,2425,8266,3148,10749
6228,3014,7927,3977,5839
@dps-end:
@rep:8
@time:2.64
@trys:378630
@seed:112131119
@dps-begin:
2425,2026,3148,990,9167
2425,2731,3148,3182
11890,1602,3014,2425
11026,2425,7052,3148,3182
1985,12010,7052,3148
2425,3242,3148,9773
11026,5173,9495,3148
3977,7052,1564,8526
11888,6228,7052
7440,6228,326,7052
7440,3014,2425,8572,3148
3014,9495,2425,3148,9167
6228,9384,3977,3148
8017,1098,3148,12236
1639,8376,3148,2399
7536,3148,7052,1564
7440,6228,519,3242,7052
3014,11290,3148,7052
7122,3014,1098,5818
8017,8312,11900,3148,10190
@dps-end:
@rep:9
@time:2.82
@trys:403872
@seed:108626351
@dps-begin:
7633,3148,3182,9167
8629,1639,3148,3182,9167
1515,3148,1564,5839,8175
4054,2425,2731,3148,3182
3014,2425,12010,3148
11026,5542,1564,3148
7953,3977,2425,3148,9167
2425,8394,8266,3148,3182
7633,5542,2731,3148,9167
3622,2425,3148,620,1564
1602,3148,7052
3977,11817,4874,1564
12264,2297,2731,3148,1564,11900,1293
11026,2104,6632,2425,3148
8017,2467,8266,3148,3182
2425,3148,11900,620,3597
1985,11026,6632,2425,3148
4000,8017,7586,6228,2425,12010,3148
3792,7586,4874,3148,5837
1098,12010,1035,3148,3182
@dps-end:
@rep:10
@time:2.85
@trys:403872
@seed:107980007
@dps-begin:
7633,2425,3148,3182
2425,2731,3148,3182
1639,2425,3148,620,9167
11026,3977,1098,12010
2130,3014,2425,11817,3148,11900
6228,12010,7052,3148,12542
11026,2425,1098,3148,5837
11890,5957,2425,4585,11900,3148
7586,2130,2425,9259,3148,3182
6632,2425,12010,3148
4000,11026,709,4585,1515,3148,1564
709,2425,3148,12236
6228,709,3014
5542,10856,1564,3148
8017,1564,3148,3182
2425,6521,3148,9167
2163,9539,2425,7052
11026,5542,3242,3148
4000,11026,6307,709,7052
11026,885,1098,11514,3148
@dps-end:
