@rep:1
@time:1.871
@trys:739982
@seed:179424673
@dps-begin:
978,9570,2579,6326,9976,2665,8415
8514,3579
7089,3320,5818
1536,2927
8615,648
1049,7465,6665
5139,280
9976,3180
1973,4790,6954
1886,6207
5009,562
2547,2665,8495
4935,8985
7875,340,6214,1977
8514,806
8852,559
6112,3244
5588,8006,2262
3047,8744,953
1175,8557
@dps-end:
@rep:2
@time:1.61
@trys:668991
@seed:125164703
@dps-begin:
8609,9570,2579,6326,2665,8171,8415
6326,6054,7992,5130
7974,9675
5091,9850
5330,8647
9218,5778
115,1992
982,9850,6877
9682,6634,9867
513,1747,6123
176,1706,5548,4364
4257,1049,5530
8883,5818
5637,9901
7731,9572
8048
7281,709
9805,9695
8034,3157
277,9894
@dps-end:
@rep:3
@time:1.42
@trys:588270
@seed:132011827
@dps-begin:
978,2579,1059,2665,7820
7089,4275
2841,3500
8514,3579
2315,6796
7880,734
277,4790
724,9822
7089,9902
5670,4409,9695
2665,7772
978,6643,3244
1685,5637
1682,9436,5804
9675,8652
9270,9704,7401,5647
7204,9654,4344
3360,10097,4284
4452,5367,3129
2733,1470
@dps-end:
@rep:4
@time:1.53
@trys:628564
@seed:124987441
@dps-begin:
8609,9570,2579,6326,214,2665,8415
7089,8371,5758
9762,7114,5548
709,3389
8176,1721
4817,3090,6169
7865,9161,2413
2800,373,6348
1968,3320
9264,1983
5189,3500
1604,4621,2270
4411,1741
4000,4935
2800,6264,7114
7794,8647
10085,3673
2571,8172
9570,9096,6264
5185,3389,6127
@dps-end:
@rep:5
@time:1.65
@trys:659236
@seed:123979721
@dps-begin:
9570,6326,9976,2665,2095,8415
2936,2603,6524,6796
2029,8317
129,9710,7950
1968,7656
212,7828,8735
6169,9695
8592,5014
4978,2542
7520,1470
6796,9167
7393,9291,9439
2976,4838,763
4196,6921,5933
9730,5855
3554,6796
6227,6326,503,9161
3323,2991
7401,2748
5745,6614,7353
@dps-end:
@rep:6
@time:1.88
@trys:729988
@seed:119777719
@dps-begin:
8609,978,9570,2579,6326,2665,8415
6099,1741
1968
7395,7306
5363,7556,8219
2432,8022,5818
8514,9572
10080,9537,6877
3763,1515
1536,1983
1604,3838
4458,6796
648,6632,3054
1765,1661
7089,4530,6771,5977
2853,7257
6018,2077
5009,9976,6762
8354,10085,7916,511
7770,779
@dps-end:
@rep:7
@time:2.151
@trys:820674
@seed:117705823
@dps-begin:
8609,978,9570,2579,6326,2665,8415
9847,9022
5778,4559
9970,6796
6018,2748
5569,4261,6553
8048,9192,4538
1216,3500
3244
3579,9086
5601,97,5091,6073
744,1791
5637,5670
6139,5981
6123,1886
7401,7770
4401,3681,3474
8785,7974
562,6073,2958
9030
@dps-end:
@rep:8
@time:1.61
@trys:638878
@seed:112131119
@dps-begin:
9570,6326,9976,2665,2095,8415
9847,3806,5086
1011,1189,709
562,5242
6948,7306,8668
8048,5548
9762,7992
7010,6181
3602,7965
6169,2877
8151,7547
7974,7034
329
7744,3579
8966,2542
8723,6054,6070,3913
4407,6415
6312,3482,3054
4796,6348,4287
9799,7880
@dps-end:
@rep:9
@time:1.6
@trys:628651
@seed:108626351
@dps-begin:
9570,6326,9976,2665,8415,2095
7395,4935,7353
3684,9260
1222,5063,9291
4000,562
1968,1682
8514,1386,6618
9441,3224,7401
6054,2231
3722
6214,6169,3690
5637,4389,8171
2793,3916,1389
7570,9762,724
9841,4429
97,7432,6380
9030,918
6018,8516,7007
7395,4965,5464
8048,5464
@dps-end:
@rep:10
@time:1.53
@trys:618577
@seed:107980007
@dps-begin:
8609,978,2579,6326,2665,8415
7203,7372,2093
6387,1973
8137,6796
9787,6348
129,513
6325,9260,5326
8514,1197
5111,570
724,8137,6796
4195,6917,7277,8781
1040,1536,897,4085
9728,6123,5039
7705,9529
9666,2754,2599,7820
8592,7089,623
8048,3138
3636,5464
7424,6646,5818
1536,8549,862
@dps-end:
