@rep:1
@time:1.69
@trys:659043
@seed:179424673
@dps-begin:
978,9570,2579,6326,9976,2665,8415
6796,9022
7089,7009,8538,7114
1536,5091,2665
97,6099,2251
6004,2665,3722
9572,763
6326,8552,9368
5363,2665,4042
97,7592,9260
6004,2665,5086
5233,2665,9915
5104,97,6099
7974,9976
6405,8538,5821
6326,1846,5958
6099,1879,8538
5818,5086,7919
690,6169
2665,7547,5647
@dps-end:
@rep:2
@time:1.3
@trys:557953
@seed:125164703
@dps-begin:
8609,9570,2579,6326,2665,8171,8415
6169,2029
7114,9675
6326,9368
9368,7306,1706
4978,6326,9978
709,8647,9915
9291,2029
97,562,10069
5233,5758,2927
7974,9675,9548
2665,6796
4085,2665,8415
4935,7401,2665,3018
9572,5369
5569,6004,2613
6099,6004,5548
1973,1983
6326,9710
7880,7069
@dps-end:
@rep:3
@time:1.21
@trys:517906
@seed:132011827
@dps-begin:
978,1059,2579,21,2665
4978,1049
8966,763,2029
7828,7880,2665,5982
8339,709,6326,9531
7547,9867
7009,3389
1536,2665
9161,9675,7069
3684,9291
6326,1879
3913,7353,5982
8006,7592
8006,7401
7974,6796
1015,9675
5363,3579
10080,8647
6073,9710
1120,6099,2665
@dps-end:
@rep:4
@time:1.33
@trys:547960
@seed:124987441
@dps-begin:
8609,9570,2579,6326,214,2665,8415
582,9675,3389
6326,7880,2665
7114,2875,7919
97,7353,4042
8852,7974,7880,1721
6326,7974,9368
5876,4407,9867,3579
9572,918
4935,8729,734
6169,7401
9969,5701,8006,9675
8609,6326,3400
1536,2665,5982
3722,5818
3986,9368,4364
6073,9710
10069,6326,2665,1706
9368,7069
5511,2665,2174
@dps-end:
@rep:5
@time:1.62
@trys:659512
@seed:123979721
@dps-begin:
9570,6326,9976,2665,2095,8415
97,6326,7592
6099,1197
6796,9022
4978,9976,5982
1536,2665
709,6326,9161
3579,8317
9572,744
7992,2665,9531
1682,9161
8006,6796
9847,6169,8317,3582
452,1983
7401,6877
9762,9710
9762,9572
9570,8516,5974
8070,7547
7974,7401
@dps-end:
@rep:6
@time:1.64
@trys:639461
@seed:119777719
@dps-begin:
8609,978,9570,2579,6326,2665,8415
5363,7880
5233,9972,7114
97,2579,1189
2665,9228,5982
978,9368
7974,2665,7517
8609,4978,6139
6099,8339,9675
7974,1879
97,5876,2733
97,6405,8415
8006,7401
709,7880,9531
5909,9768,2174
9075,2251,6110
4368,6099,943
7880,9710
4935,6796
5701,6169,4892
@dps-end:
@rep:7
@time:1.84
@trys:709364
@seed:117705823
@dps-begin:
8609,978,9570,2579,6326,2665,8415
6326,9675,3389
9572,2029,7199
6796,9022
6326,7880,763
5701,6054,6169
2149,1706,9867
8006,3500
9970,8339,6099,9531
9572,2927
5233,9675
8006,5670,1661
10080,9368
7880,7547
9368,2748
1765,4411,4399
6099,6073
3722,7114
97,7592,6073,9260
6937,7114,1706,4715
@dps-end:
@rep:8
@time:1.6
@trys:639019
@seed:112131119
@dps-begin:
9570,6326,9976,2665,2095,8415
7009,6099,3364
97,1189,9022
5876,1015,2665,7353
6073,7114
6326,7974,5242
3481,2665,6796
2665,2029
5974,3722,7199
7353,7547
7974,2665,7199
8609,2174
6796,9228
2278,7318,8171,8317
9682,2579,7765
9161,7199
2665,9915
7353,2875
3722,8317,3582,2095
1197,3981,5982,3838
@dps-end:
@rep:9
@time:1.59
@trys:629009
@seed:108626351
@dps-begin:
9570,6326,9976,2665,8415,2095
709,918,680
5233,97,2665,6796
9572,4042
7089,3389
7974,7031,9368,2174
9572,5242
9762,2251,7372
97,8171,8317
97,6796,9260
3722,7114,2251,3981
5553,8002,5982
7353,6110
2665,6939,8415
4042,5982,4287
5363,744,2665
1879,2665,6380
562,5091,7114
7576,7353,4042,2174
4261,7880,2251
@dps-end:
@rep:10
@time:1.3
@trys:537727
@seed:107980007
@dps-begin:
8609,978,2579,6326,2665,8415
6326,7880,9161,8415
4978,1049
1536,5091,8691,2665
6326,8006,7547
4978,570
6099,7880
1059,8006
9572,1706,8958
5569,3684,2665
978,5363,7517
7353,6220,6207
6169,7401
7089,2665,956
763,8652,10060
10080,8647
1536,8691,6326,9228
7880,9710
5876,8137,956
8691,6054,6326
@dps-end:
