@rep:1
@time:1.52
@trys:467625
@seed:179424673
@dps-begin:
5608,2137,4602,6364,3757,3710,1454
4602,6364,2476,1454
6082,3427,1112,3710
4611,4875,892
2370,1332,695,4602,2412,3710
2640,4602,3710
3396,1366,2476,1438,2623
2640,3059,539,6683
6068,3833,4602,4604,5438
3027,5928,2137,1579
372,695,1112
5271,6503,39,6286,2671
2112,3232,4602,4317,1103
3504,3304,892
3232,1332,5543
6503,6364,4860,2671
6610,1013,601
4208,5874,6364,6286
3360,2112,5170,2476,3710
3232,3027,2137,4106,6254
@dps-end:
@rep:2
@time:1.27
@trys:410194
@seed:125164703
@dps-begin:
6672,448,116,5608,2137,6364,3710
2673,5608,3710,4959
1186,1720,4602
3441,1153,4611,6968,1112
2640,39,539
4611,1579,3435,3407
2112,6364,4716,1454
1777,1112,3710,2671
1366,601,461,1454
529,5543,409
4611,3543,359
4278,4726,3752,3710
4291,7050,2476,6573
5874,3627,5564
3943,4919,4631,1579,6364,2830,2735
1777,1907,6692,4875
1153,123,3181
448,529,5316
5268,3752,4602,6286
5874,6842,1103
@dps-end:
@rep:3
@time:1.36
@trys:438373
@seed:132011827
@dps-begin:
6452,116,5608,1401,4602,6364,3710
3031,7017,4602,2623
2998,4602,6364
1186,6066,4919,4602,1103
372,1112,5113
3232,39,4602,892
4602,892,2733
529,1907,4602,6286
1366,601,3833
5543,5608,6286
2370,116,1401
2640,6074,539
1579,1149,1454,2623
1153,529,601,892
3031,4919,1112,1579,3006
372,5892,359
2896,5608,3277,3006
2896,1737,4602,3710,5999
5316,2036,3710
3024,3504,2680,4602,123
@dps-end:
@rep:4
@time:1.17
@trys:381828
@seed:124987441
@dps-begin:
5608,4602,6364,3757,3710,1454,3951
3031,920,4602,5564,3710
1401,4602,892,670,1454
2370,4602,6364,1103
5608,4602,1454
2640,2280,1401,3710
372,1112,3833,4602
2370,7124,1579,2476
3543,359,4360,4602,5578
4611,359,1112,1433,5310
2112,3543,6364
5543,4602
1653,406,5608,4602
5874,372,359,1112
3031,359,7050
3632,1777,4291,3833,555
3360,359,920,3102
2370,1366,3833,670
1366,1352,555,2476
1366,1112,2671
@dps-end:
@rep:5
@time:1.42
@trys:460020
@seed:123979721
@dps-begin:
6452,5608,4602,6364,3757,1454,3710
1153,1112,4698
4602,892,670
2137,1401,4698,1579,6364
3031,7017,2476,1454
3543,3752,1454,2735
4291,359,7050
6364,3181,670,2671
4611,1366,1433,6602,6364
1460,1112,1579
2112,4698,892
1401,3757,1103
4291,539,2671
3648,995,776,6683,6364
1777,4546,2710,1112
2112,5185,4341,4637
529,1366,5543
2112,695,1401,2137,1869,1454
6292,3031,695,3102
6292,4602,4698,6602
@dps-end:
@rep:6
@time:2.11
@trys:638236
@seed:119777719
@dps-begin:
6452,116,3752,5608,6364,3710,5999
2680,1401,4602,3757
1401,4602,6286
4611,4291,3181,2671
4291,3833,2671
2896,1689,6286
2112,3728,5543
1153,1112,2137,892
1153,1843,419,1630
529,5268,6074,1454
1907,5498,892,3710
1366,3031,1112,6074,1454,1743
6292,2680,1579,1454
2112,5845,6265,4602,1579,6364
2640,539,1579
4611,1366,1401,892
2112,3752,920,3181
4947,4406,1112
3031,1579,3757
4611,1579,1149
@dps-end:
@rep:7
@time:1.45
@trys:467467
@seed:117705823
@dps-begin:
5608,2137,4602,6364,3757,3710,1454
359,1847,3543,4602,3566
4278,5608,3757,3710
2336,1579,3435,2476,1454,2671
529,5543,5992,3710
1153,1112
2112,39,4602,6286
4602,892,3757
2640,4726,539
2112,6364,3757,2733
3232,7017,5578,2476,5438
5874,6196,1274,5564,3710,2671
2112,372,4602,6286
6265,6364,3757,5310
6292,4726,4602
529,1186,4602
6292,359,6364,670,6286,2830
2019,3543,7050
1366,601,5498,670
169,1869,1103
@dps-end:
@rep:8
@time:1.3
@trys:410101
@seed:112131119
@dps-begin:
116,6695,5608,3752,1401,6364,3710
2370,695,1401,1579
2673,5564,2476,2671
2112,4772,1366,4919,4602,670
4602,892,670
1186,4602,1454,6286
4678,5543,5608,4602,6286
4291,1112,2092,3757
3031,6364,3710
3632,1332,4973,3710
1366,695,4602,3435
4278,5608,6602
2112,5157,3543,3625
2112,1777,946,1366,2698
2673,2370,2052,4278,3543,4631,4602,3757,670
2370,1366,4698,892,6364,2476,3757
1112,3833,6364,892
1872,1332,5543,3833
2112,356,4602,6286
695,3031,4698,6602,6286
@dps-end:
@rep:9
@time:1.27
@trys:410311
@seed:108626351
@dps-begin:
116,6452,5608,4602,6364,1454,3710
3543,5608,892,1454
4611,1366,4875
372,1112,4602,1454
6256,6384,4611,4602,5310,2623
5874,3031,1103
5845,3543,4602
529,1907,5845,4602,3710
2112,3027,372,4602
1366,4602,2623
5874,6692,1013,3031,2476
695,1579,6286
6256,6627,6292,359,4698
3543,2137,2476,1164
2112,3632,6066,1454
672,7082,7050
1153,4674,3752,2476
4546,6292,1454,2623
5543,5608,5866,3710
2640,892,2092
@dps-end:
@rep:10
@time:1.54
@trys:488467
@seed:107980007
@dps-begin:
6452,1300,5608,4602,6364,3710,1454
2710,5543,4602,6364,3710
4602,6364,6286
1876,5543,1050,6286,4959
2112,1153,3543,6602,2476,1103
2640,5874,6074
2112,1907,1579
2112,6610,3543,3752,6286
5845,1366,1112,6364
5845,1164,3710,2671,3551
5543,892,2991
5268,4278,6074,4602
2112,3031,1112,2623
1872,1366,4726,6265,2476
3152,372,359,6685
4278,359,1579,6286
4740,4726,6286
359,1112,3752,892
1366,4602,5866
1153,529
@dps-end:
