@rep:1
@time:1.02
@trys:294895
@seed:179424673
@dps-begin:
2465,6964,5432,4952,2585,3161
1939,6964,614,3161,2445,6527
2465,5603,6964,6527
2336,4119,3161,6527
3779,2355,1236,3029,5109,1799,3161,2585
5603,6964,455,249
1923,6964,6024,3161,2090,1931,1916,2125,4461
1154,6964,455,4203,6527
2465,6964,3093,376
2465,6964,376,3161,2445
1939,6964,2445,6527
2465,3906,5603,3161,6749
2465,4482,5603,6085,4203,5469
6964,3093,4952,3161
6964,5109,2295,249,3161,4461
2465,6964,3161,249,2810
6528,2465,4098,5603,6964,5109,5166
6528,2465,385,6964,3161,3658,2446
6528,1939,2295,1961,6527
500,6964,3161,4461
@dps-end:
@rep:2
@time:0.9
@trys:266197
@seed:125164703
@dps-begin:
2336,3682,6964,4952,3161,6527
2336,1939,3161,1931,4461,6527
2336,2465,6964,4697,3161
5603,6964,1799,6527
2336,2465,6257,3779,4247,1961,6527
6528,3696,4482,4022,4727,3161,4844,2125,1661,6527
6528,3168,3029,3702,4952,2008,1961,2125,6527
5665,4098,6964,4937,6043,6527
6964,5432,4952,6527
4952,3161,2445,6527
3779,6964,4952,3161,1099
3682,6964,6043,6527
2465,3779,6964,4952,2008
144,6964,4952,3161,1931
6257,3779,1099,6043,1661,6527
1939,6964,2646,2295,4952,1931
4098,6964,4952,3161,6527,6399
3029,3161,6043,3342,6527
563,1911,4952,3161,4203,6527
6787,6964,1636,4952,3161,6527
@dps-end:
@rep:3
@time:0.89
@trys:273408
@seed:132011827
@dps-begin:
496,2465,6964,2585,5420,6527
6257,609,6964,5415,3161,1931
6964,3093,4998,1799
2465,4098,5109,5420,5404,6527
645,3161,1661,6527
5154,6964,2445,6527
2336,2465,3093,3161
2465,2743,4344,2585,4459
2336,2465,6964,3161,4459
4448,2465,2585,1961,4430,6527
6964,3029,2646,2585,1931
1329,6964,3161,299,6527
496,6964,1911,2585
3216,2465,6257,502,2585
2465,3574,5432,376,2585,1961
2465,2482,6964,6043,5292,6527
6964,1961,2445,3342,6527,5711
6257,2482,3574,2008,3161,299,6527
3216,6257,5665,609,4098,6964,2295,5415,3161,1661
144,2465,4098,6964,6100,4998,4430
@dps-end:
@rep:4
@time:1.27
@trys:359016
@seed:124987441
@dps-begin:
2465,4482,6964,3161,2585,6043
6964,1799,2585,6527
5665,6964,2646,376,6527
6964,2585,2446
2465,2930,6964,3161,460
6964,4998,1661,6399,6527
2656,1799,3161,6527
496,6964,1799,4203
6964,4200,376,3161,1661
3682,2226,6964,376,4344,3161,2445,5309
6964,3161,4731,6527
2465,2723,500,6964,4679,4119,3161,1931
385,2226,3161,1661,6527
6964,3161,249
4482,1939,2295,6527
4482,645,4119,3161,2445
385,6964,6527
5109,4119,1961,1661,6527
4482,4022,3161,6527
4482,2743,4203,1661,6527
@dps-end:
@rep:5
@time:0.88
@trys:265982
@seed:123979721
@dps-begin:
5169,4482,6964,4952,2585,6527
5665,6257,1799,3161,6749,6527
2656,6592,2743,4952,2585,6527
4482,6964,3161,1931,6043
5169,4247,3161,4203,6043
6964,2646,5432,6043,1931,460,6527
6592,6964,3029,5432
385,4482,3161,6527
4482,1939,6043,6749,6527
144,6964,4952,2585
5432,4952,3161,4203,6527
1329,4482,6964,3161,2585
6964,455,4952,4203,1996,6527
6257,3029,455,4952,5432,2585,3161,4203,6749,1358,6527
1826,6787,3029,2585,3161,4203,6043
5603,6964,3716,4119,4952,4972,6527
1154,4482,6964,6392,4203
385,5603,4998,249,4203,6527
6964,455,4952,3161
3216,1154,4952,3161,6527
@dps-end:
@rep:6
@time:0.88
@trys:265932
@seed:119777719
@dps-begin:
2465,4482,6964,4952,2585,6527
6018,6964,3093,1799
4119,3161,1099,1644,6527
6964,4203,6043,6527
5603,6964,3093,4952,1961
1680,2743,4952,3161,6527
4482,4952,2585,6527
6964,2646,4119,2585,1358
144,6964,2646,376,3161
6964,3029,3161,4203,6043,3342
2465,4482,6964,1014,4998,4952
3506,1939,6100,6964,4952,3161
6964,3093,3029,4119,2295,6043
2482,6964,3029,4952,2585
4482,5718,2585,1099,4459,6527
1939,6964,1686,4022,376,2585
385,5718,2743,2585,4459,6527
1154,3779,6964,2969,3161,6043,3342
6964,4998,2295,4952,6392,6527
3168,6787,6964,3161,2810,6527
@dps-end:
@rep:7
@time:1.16
@trys:330673
@seed:117705823
@dps-begin:
5169,5603,6964,4952,3161,2445,6527
3168,6964,5432,3161,1931
6964,1799,3161,6527
5169,6964,4998,6527
6592,5603,4952,3161,6527
6964,4998,2423,4952,3161,6527
6257,6964,249,6749,4461
1618,1939,6964,4952,1931,4459,2125,4461
2723,6964,3161,4203,6527
2336,5169,4098,3779,6964
6964,4952,3161,4461
2385,5169,6964,4952,6344,3342
2336,3161,6527
4998,5432,1673,5454,6527
1939,6964,4952,3161,1099
496,4482,6964,500,4952
500,4998,4952,1931,2445
3168,4482,6344,5432,4952
2336,3779,500,6344,1931,2445
5665,6257,6964,4998,6344,1099
@dps-end:
@rep:8
@time:0.91
@trys:273083
@seed:112131119
@dps-begin:
2465,4482,1939,6964,3161,6043
6964,4344,2585,6527
385,1826,6964,1799,4937,1931,6527
2465,6964,3574,4697,3161,1961,1451,1661
6528,385,6964,6527
4952,3161,4459,1661,6527
144,6964,5432,4952,3161,4203
385,1939,6964,3093,1961,6043
1961,2090,4203,6043,1661,6527
6964,3093,2423,2090,6527
306,3682,6964,5432,4459,4203,6527
500,6964,3574,3161,2810,6527
6481,5169,3906,5603,4008,4952,1961,2445
6964,1911,4952,2585
5088,852,6964,3161,2585,1961
385,2465,614,2585,3161,4459,6527
4129,6964,5109,4952,249,1961,6527
4008,3161,2585,6043,6749,2125,6527
1154,5109,4697,3161,2090,4459,1661,5567
4482,1939,6964,2646,6043,2446
@dps-end:
@rep:9
@time:0.97
@trys:287761
@seed:108626351
@dps-begin:
385,6964,4952,2585,2445,6527
6964,4952,3161,6527
3779,6964,1799,3161
6018,6964,376,249,2585
4098,3682,1939,6964,5432,376
2465,5603,2646,4998,4952
2465,6964,4485,455,4952,1099,5213
496,6964,4952,2585,4203
5603,4952,1403,4459,1661,2799,6527
3574,4247,727,4952,2585,3161,5821,6527
1556,6100,3029,4998,4952,3161
1939,2423,1048,4952,3161,4459,4461
1154,5603,6964,3161,2763,2445,6527
2465,6964,727,6392,376,2585,3342,2158
5522,6964,1556,376,4346,6527
6964,1911,4952,2585
3682,2723,6964,4203,4459,6527
3682,6964,4376,4952,3161,171,5166
4864,5665,4952,3161,6527
3168,2465,3161,1099
@dps-end:
@rep:10
@time:0.92
@trys:280556
@seed:107980007
@dps-begin:
385,6964,2585,5420,6527
6964,1799,2585,6527
2465,6964,5718,3161,6527
6964,5432,2585
2465,6964,3161,4203
4482,6964,500,6527
3168,5603,3161,6527
4482,4998,2585,6527
6528,2465,4482,5603,2585
4482,4952,2585,6527
2465,4482,6964,4998,4952
4482,3716,6964,3093,2585
6964,645,6485,3161,6527
4098,6964,2295,6527
496,5603,6964,500,1911,1931
4098,6964,2585,1038,2446
3216,2482,6659,3161,2446,6527
6964,2646,376,5432
6257,4482,4098,376,3161
2465,6964,3093,4247,3161
@dps-end:
