@rep:1
@time:13.661
@trys:2347935
@seed:179424673
@dps-begin:
6257,2148,8438,9014,9897,3835,2060,3679,7823
6257,2148,8438,9014,4775,9897,3835,4636,3679
1841,8438,9014,4825,9897,3835,5340,4636,2060,13711,7823
6257,2148,9014,8438,18600,4825,11882,3835,11261,3679
21216,8737,1841,19107,2148,9014,4636,13388,11261,7823,3679
8080,8737,1842,8438,9014,4775,4825,9897,4636,2060,11261
6257,8438,9014,4775,12233,3835,2060,13388,3679
8737,6257,1842,8438,9014,4775,11882,3835,4636,5340,11261,3679
6257,1842,2148,9014,8438,4775,18600,4825,3835,3679
21216,8771,4775,18600,2060,13388,13711,7823,7119,1841,1842,1751,4825,3835,4636,11261,3679
1841,8438,4775,4636,2060,7823,3679
1841,9014,9897,3835,4636,2060,7823,3679
1841,8771,8438,9897,4825,12233,2060,4636,7823,3679
6257,8737,1842,19107,2148,8438,9014,4775,3835,4636,3679
1841,8438,4775,18600,12233,11882,4636,7823,3679
1841,1842,2148,8438,1751,12233,19242,3835,2060,11261,7823,3679
5105,6257,8737,8438,9014,1751,4825,11882,13388,3679
8080,8438,9014,4825,2060,3679
8737,1842,8438,1751,4775,9897,4825,3835,13388,7823,3679
1842,8771,9014,3835,2060,4636,13388,11261,3679
@dps-end:
@rep:2
@time:14.371
@trys:2547435
@seed:125164703
@dps-begin:
8080,19696,9014,8438,4825,10235,13388,2060,7823
21216,4775,2060,7823,8080,19696,1841,21649,1842,9014,8438,4825,10235
1841,8438,9014,4825,10235,2060,13388,7823
19696,1841,8438,9014,4825,2060,11261
19696,1841,8438,9014,4825,2060,11261
19696,8080,2352,1841,8438,4775,4825,10235,7823
19696,1841,9014,8438,10235,2060,4636,7823
19696,1841,8771,9014,4825,12233,10235,2060,11261,7823
19696,1841,9014,8438,4775,2060,7823
19696,1841,8771,9014,8438,4775,4825,7823
19696,8080,1841,2148,8438,4775,10235,2060
19696,1841,8438,9014,5960,10235,4636,11261,7823
19696,8080,1841,8438,12233,4825,10235,2060
19696,1841,8438,3256,4825,2060,11261,7823
19696,2352,1841,1842,9014,8438,4825,12233,10235,4636,13388
21216,1841,4775,4825,4137,2060,11261,7823
19696,1841,8771,8438,5593,4825,2060,4636,11261,7823
21216,1841,9014,8438,5960,4137,4825,7823
8771,9014,8438,4775,4825,2060
19696,8771,8438,4775,4636,2060,7823
@dps-end:
@rep:3
@time:14.181
@trys:2459402
@seed:132011827
@dps-begin:
6257,1842,8438,9014,4825,10235,2060,13388,7823,3679
1841,8438,9014,4775,12233,4825,7931,2060,4636,13388,7823
6257,8771,9014,8438,4775,12233,4636,2060,7823,3679,14191
21216,8771,4775,2060,13388,7823,1841,21649,1842,9014,4825,10235,3679
8771,8438,9014,4775,4825,7931,2060,3679
1841,9014,8438,7931,2060,11261,3679,7823
1841,8438,9014,12233,7931,4636,2060,7823,3679
1841,8438,9014,4775,4825,7931,3679,7823
6257,8438,4775,4825,12233,7931,2060,7823,3679
21216,1841,8737,9014,1751,7931,4636,11261,7823,3679
1841,8771,8438,4825,7931,2060,13388,7823,3679
1841,9014,4825,7931,2060,11261,7823,3679
8080,6257,20339,2565,8438,9014,13722,2060,4636,3679
1841,2565,9014,8438,3256,7931,2060,13388,7823,3679
21216,6257,8438,9014,4825,7931,2060,11261,3679,7823
6257,8737,8438,9014,4775,17271,6216,2060,4636,7823,3679
6257,9014,8438,4775,2060,4636,3679
1842,8438,4775,2060,4636,7823,3679
8438,4775,3256,12233,4825,2060,3679,7823
6257,1842,8771,4825,2060,11261,3679,7823
@dps-end:
@rep:4
@time:9.971
@trys:1788454
@seed:124987441
@dps-begin:
6257,2148,8438,9014,12233,3835,10235,2060,7823,3679
1842,8771,19908,9014,8438,4775,4825,18731,10235,2060,7823
2148,4775,18600,6257,1842,9014,8438,1751,3256,4825,3835,4636,11261,3679
8080,2148,8438,9014,2060,7823,3679
8080,1842,9014,4825,2060,11261,7823,3679
8771,8438,4775,4825,2060,7823,3679
8080,6257,8438,3835,10235,2060,3679,7823
6257,2148,8438,9014,4775,2060,3679
6257,8438,12233,4825,18731,2060,13388,3679
6257,8771,9014,4825,10235,3835,2060,3679
9014,8438,4825,18731,10235,3835,2060,3679
8080,6257,8771,9014,12233,4825,10235,2060,3679,7823
8080,6257,8771,4775,4825,10235,4636,2060,3679
2352,8080,8771,19908,8438,12233,4825,10235,7823,3679
8771,18731,2352,8080,6257,1842,8438,4825,3835,10235,4636,11261,3679
6257,9014,8438,3256,4825,2060,7823,3679
2352,6257,1842,8438,9014,18731,10235,2060,3679
8438,4775,18731,10235,13388,2060,3679,7823
2352,6257,2148,9014,8438,1751,12233,4636,13388,3679,7823
2352,8771,2148,19908,8438,4775,3835,10235,18731,3679,7823
@dps-end:
@rep:5
@time:12.271
@trys:2257914
@seed:123979721
@dps-begin:
19696,8771,8438,9014,4775,4825,10235,2060,7823
8771,8438,9014,4775,4825,2060,7823
19696,1841,2148,8438,4775,2060,7823
19696,1841,8771,8438,4775,4825,10235,6142,7823
19696,1841,8438,9014,4825,10235,2060,8814
19696,1841,8771,9014,4825,10235,13388,2060,11261,7823
19696,1841,8438,4825,10235,2060,11261,6142,7823
19696,8080,1841,8438,4775,16776,2060,6142,7823
1841,8438,4775,5863,4825,10235,2060,7823
1841,8438,9014,4825,10235,2060,11261
8080,19696,1841,9014,8438,4775,10235,2060
19696,1841,4802,8438,4775,4825,2060,6142
19696,1841,2148,12229,9014,8438,10235,2060,8814
19696,2352,8080,1841,8438,9014,4825,7823
8080,19696,2352,1841,12229,8438,9014,4825,7823
2352,21216,19696,8737,1841,2148,9014,16776,4636,7823
19696,2352,8737,1841,1842,9014,8438,4825,10235,4636,11261,6142
19696,2352,1841,2148,9014,8438,4775,10235,4636,7823
21408,19696,8737,1841,1842,9014,8438,13388,4636,2060,8814,6142
21216,2352,19696,1841,8438,9014,4825,8814,7823
@dps-end:
@rep:6
@time:16.671
@trys:2837231
@seed:119777719
@dps-begin:
19696,18368,8771,5302,9014,8438,4825,13388,2060,7823
19696,1842,9014,8438,4825,3835,2060,7823,16495
19696,8080,8438,9014,4825,13388,2060
9010,1842,19908,8438,9014,5302,1751,3835,4636
19696,1841,9014,8438,11882,3835,2060,7823
1842,9014,8438,5302,1751,3835,4636
19696,8771,8438,9014,11882,3835,2060
19696,1841,8438,9014,4775,4825,2060
19696,8080,9014,8438,2060,13388,7823
19696,8080,8438,9014,4825,2060
1842,2148,8438,9014,1751,4825,11882,3835
19696,8771,9014,3835,4636,2060,7823
19696,8771,8438,9014,4825,3835,7823
19696,8771,8438,4775,4825,2060,7823
19696,9010,1842,8438,12233,4825,3835,2060,7823
19696,1841,8771,8438,4825,2060,11261,7823
19696,1841,1842,9014,8438,4775,3835,4636,11261,7823
8080,19696,8438,9014,4825,11882,13388,7823
19696,1842,2148,8438,1751,4825,11882,13388,4636,2060,7823
19696,8438,9014,4825,13722,13388,2060,11261,7823
@dps-end:
@rep:7
@time:12.431
@trys:2167641
@seed:117705823
@dps-begin:
19696,6257,9014,8438,4775,9897,4825,2060,7823
6257,2148,8438,9014,4775,4825,19689,9897,5340,4636,5804,11261
1842,8771,9014,8438,9782,4775,9897,4825,2060,11261,7823
8080,6257,9014,8438,4775,4825,2060,7823,16495
19696,21216,2352,8737,1842,9014,4775,9897,4636,8781,7823
2352,19696,6257,8737,2148,9014,4775,9897,4636,8781,7823
19696,8080,8438,9014,4775,4825,2060,16495
19696,2148,9014,8438,13388,2060,7823,16495
19696,8771,8438,9014,4825,19689,13388,7823,16495
19696,6257,8771,2148,8438,4775,4825,7823,16495
19696,6257,1842,8771,9014,8438,2060,11261,16495,7823
19696,6257,2148,9014,8438,4825,2060,4636,7823,16495
19696,8080,6257,1842,8771,2148,9014,4825,2060,11261,7823,16495
19696,6257,9014,8438,4775,2060,4636
8080,8438,4775,4825,5804,2060,7823
19696,8771,2148,8438,9014,4775,2060
2352,19696,9014,4918,8438,4825,9897,13388,5340,7823
19696,1842,8438,9014,4825,4636,11261,7823
2352,6257,8771,9014,8438,9897,2060,13388,7823
19696,6257,1842,8771,4775,4636,2060,8781,7823
@dps-end:
@rep:8
@time:9.631
@trys:1811522
@seed:112131119
@dps-begin:
6257,8438,9014,12233,4825,2060,13388,7823,3679
6257,9014,8438,4775,4825,2060,16495,7823,3679
6257,2148,8438,9014,4775,18600,4825,4636,3679,14047
1841,9014,8438,4775,4825,4636,2060,7823,14047
8080,1841,9014,8438,4636,2060,14047,3679
8438,9014,4775,4825,2060,7823,14047,3679
6257,5105,2148,8438,9014,4775,4825,13388,4636,3679
1841,8771,8438,4775,12233,4825,7823,3679,14047
1841,8771,4775,4825,2060,4636,3679,14047,7823
1841,8771,8438,4825,13388,2060,3679,7823,14047
6257,8438,4775,4825,12233,2060,3679,14047,7823
1841,9014,4775,18600,4825,2060,7823,3679,14047
8080,6257,8771,8438,9014,12233,4825,2060,5340,4636,7823,16495
6593,8771,8438,9014,4775,5593,2060,3679,7823,16495
6257,8771,9014,8438,4775,4825,5340,7823,3679,16495
21216,1841,6257,2148,8438,9014,18600,4825,12233,14047,7823,3679
6257,9014,8438,4775,18600,4825,13388,4636,3679,14047
1841,9014,18600,4825,4636,13388,3679,14047,7823
6257,8438,9014,4825,2060,7823,3679,14047
8080,8771,4775,18600,4825,12233,13388,2060,14047,3679
@dps-end:
@rep:9
@time:14.431
@trys:2525224
@seed:108626351
@dps-begin:
19696,6257,8771,9014,8438,4775,4825,2060,19901,7823
18368,19696,8771,2148,8438,4775,4825,5804,2060,19901,11261,7823
1841,8438,4775,12233,4825,2060,19901,7823
8080,19696,18368,6257,8438,9014,4825,2060
19696,18368,6257,8438,9014,4775,2060,19901,6142,7823
19696,8080,18368,6257,8438,4825,2060,11261,19901,6142
19696,18368,6257,8771,9014,4825,2060,11261,19901,7823
19696,2352,18368,6257,1842,9014,8438,4775,4636,19901,7823
18368,19696,6257,8438,4775,12233,4636,2060,19901,6142,7823
18368,19696,6257,8771,9014,8438,11882,2060,4636,7823
19696,2148,8438,9014,12233,2060,11261,7823
18368,6257,1842,8438,9014,5863,4825,12233,2060,19901,11261,7823
2352,18368,21216,19696,1841,8438,9014,4636,11261,19901,7823
8080,18368,6257,9014,8438,4775,4825,2060
19696,2352,18368,6257,8771,9014,8438,4775,4825,4636
18368,19696,6257,8771,2148,9014,12233,4825,2060,11261,7823
2352,8080,19696,18368,6257,8438,2060,11261,19901,6142,7823
19696,2352,18368,6257,2148,8438,4775,19901,11261,6142,7823
18368,19696,6257,8771,2148,8438,4825,12233,19901,11261,7823
19696,18368,6257,2148,8438,9014,4775,4636,2060,19901
@dps-end:
@rep:10
@time:11.841
@trys:2146170
@seed:107980007
@dps-begin:
6257,8438,9014,4775,9897,4825,2060,7823,3679
8771,9014,8438,4825,13388,2060,19901,7823
21216,2352,6257,8737,1841,9014,13388,4636,19901,7823,3679
6257,2148,8438,9014,4775,9897,4825,4636,11261,3679
8080,9014,8438,4825,2060,13388,11261,16495,3679
8737,5105,2148,9014,8438,1751,4825,9897,13388,4636,3679
6257,8771,9014,8438,4775,2060,16495,3679,7823
8080,6257,9014,1751,4825,2060,11261,7823,3679,16495
8080,6257,8438,4825,2060,13388,16495,3679,7823
8080,6257,8771,8438,9014,12233,4825,2060,7823,16495
6257,8771,8438,9014,4825,13388,4636,7823,3679,16495
2148,9014,8438,4775,9897,2060,3679
8080,6257,9014,4825,2060,11261,3679
8771,9014,4825,2060,13388,19901,3679,7823
6257,8771,2148,8438,4825,2060,11261,3679
2352,6257,2148,8438,12233,2060,19901,3679,7823
8080,8438,4775,9897,4825,13388,2060,3679
8771,9014,8438,2060,11261,3679,7823
8771,8438,9014,4825,9897,13388,4636,3679,7823
8771,2148,4775,2060,19901,11261,3679,7823
@dps-end:
