@rep:1
@time:0.93
@trys:427800
@seed:179424673
@dps-begin:
3240,4938,3130,1499,6764
6416,164,4938,3130,1499,6764
6533,3130,4938,1499,6764
4785,150,4938,1499,6764
164,3130,4938,1499,6764
4785,150,1499,6764
6416,164,3130,4938,1499
6416,4790,3130,2923,6764,332,6879
4790,3130,4938,1499,332,6764
1056,164,4938,1499,6764,3964
164,3130,4938,1499,1308,6764
4785,164,4938,3130,1499,6764,6879
164,3801,3130,4938,1499,6764
164,789,3130,4938,1499,6764
4785,2838,150,1499,6879
150,4790,1499,332
4785,150,3130,1499,3964,6764,6879
1056,4938,1499,3964,1308
6533,4938,1499,6764
6416,164,4790,3130,4938,1499,332,6879
@dps-end:
@rep:2
@time:0.79
@trys:370760
@seed:125164703
@dps-begin:
4785,150,2838,1499
4133,936,1499,3550,5135
1056,4133,6533,1499,5135
6533,2838,4938,1499
6533,4790,4938,1499
4785,150,4938,1499,3550,6207
4785,2838,150,4938,1499,4911
4785,4790,150,4938,1499
1056,936,1499,3550,5550,5135
150,2838,4911
6533,2838,1499
4785,4790,150,1499
1056,936,1499,5135
4785,150,1499,3550
1056,4133,1499,5135
4133,936,1499,5135
4785,150,4938,1499
6533,4790,1499,5867
150,2838,936,1499
1909,150,2838,1499,4911
@dps-end:
@rep:3
@time:1.1
@trys:534750
@seed:132011827
@dps-begin:
4785,150,1499,6764
4785,150,2838,1499
629,6533,3130,1499,6764
1056,936,1499,6764,5135
4785,150,1499,6764,6429
6533,4938,1499,6764
1056,6533,1499,6764,5135
1056,1714,2165,1499,2828,5135
6533,2838,4938,1499
1056,150,4938,1499,6764
4785,2838,150,4938,1499
4785,150,1499,6764,5631
150,3130,1499,6764
6533,3130,1499,6764
6533,2838,1499
150,2838,1499
1056,1499,6764,5135
629,6533,1499,6764
1056,150,1499,6764
6533,1499,6764,5631
@dps-end:
@rep:4
@time:0.91
@trys:427800
@seed:124987441
@dps-begin:
4785,150,4938,3130,1499,6764
6533,3130,4938,1499,6764
164,3130,4938,1499,6764
4785,150,1499,6764
1056,4938,1499,6764,3964
6416,4938,3130,1499,6764
4785,150,2838,1499
4785,150,1499,6764,3964
1056,4938,3130,1499,1308,3964
6533,4938,1499,6764
6416,4790,4938,3130,1499
6416,1056,4938,1499,3964,6764
4785,150,1499,6764,2974
6416,3130,4938,1499,3211
4785,150,1499,5867,6764
3240,4938,3130,1499,1308
4785,150,2838,4938,1499
6533,2838,4938,1499
4785,6533,4938,1499,6764
1056,6533,4938,1499,6764
@dps-end:
@rep:5
@time:0.76
@trys:363630
@seed:123979721
@dps-begin:
4785,2838,150,1499
629,7064,3240,1499,2335
2337,629,7064,1499,2335
629,3240,1499,2335,6879
2838,3240,1499,7118,2335
150,2838,4911
6533,2838,1499
4785,150,4790,1499
150,936,1499,4571
4785,150,1499,1308
629,7064,1499,2335
2337,629,1499,1308
4785,150,1499,2335
629,936,3240,1499,2335
2838,7064,1499,7118,2335
2337,629,3240,1499,2335
629,2838,3240,1499,2335
2838,4790,3240,1499,7118,2335,6879
629,3240,1499,1308,2335
629,4790,3240,1499,2335
@dps-end:
@rep:6
@time:1.0
@trys:463450
@seed:119777719
@dps-begin:
629,3240,3130,1499,6764,2335
4785,150,4938,1499,6764,6879
629,3240,3130,4938,1499,2335
4785,150,1499,6764
4790,3240,3130,1499,332,2335
4790,3130,4938,1499,6764,332
4790,150,1499,332
4785,2838,150,1499
629,3240,3801,3130,1499,6764,2335
4785,629,150,1499,6764
629,3240,3130,1499,1308,2335
4790,3240,3130,1499,332,3550,2335
629,6533,3130,1499,6764
4785,725,150,3130,1499,6764,6879
4785,1813,150,1499,6764
4785,150,3130,1499,6764,3964
1056,6533,1499,6764,5135
896,6533,4790,1499,332
896,4790,3240,3130,1499,332,2335,6879
66,629,3240,1499,2335
@dps-end:
@rep:7
@time:1.01
@trys:463450
@seed:117705823
@dps-begin:
3240,3130,4938,1499,6764
4785,150,4938,1499,6764
6533,4938,3130,1499,6764
4785,150,1499,6764
6416,3130,2923,1499,6764,332
629,3240,3130,1499,6764
4790,4938,3130,1499,332,6764
6416,3130,4938,1499,6764
4785,2838,150,1499
150,4790,1499,332
4785,629,150,1499,6764
629,6533,3130,1499,6764
6416,2514,4790,2923,1499
6416,4790,4938,3130,1499,6764
6416,3240,3130,4938,1499,6764
3240,3130,4938,1499,6764,332
6416,3130,4938,1499,2335
896,6533,3130,1499,332,6764
4785,150,4790,4938,1499,332
6533,2838,4938,3130,1499
@dps-end:
@rep:8
@time:1.38
@trys:613180
@seed:112131119
@dps-begin:
1056,3784,4938,1499,6764,3964
7120,150,3130,4938,1499,6764
3240,936,4938,1499,3964,2335
1056,6416,3784,4938,1499,6764,3964
936,4938,1499,3964,6764
3240,936,1499,3964,6207,2335
3240,4938,1499,6207,2335
7120,150,3130,1499,6764
7120,4938,3130,1499,6764
7120,150,2838,1499
936,1499,6764,5135
1056,150,936,1499,6764,3964
936,3801,4938,1499,3964
1056,7120,4938,1499,6764,3964
6533,4938,1499,6764
7120,150,4938,1499,6764
1056,4938,1499,3964,2335
6416,936,4938,1499,3964,6764,6207
1056,3240,4938,1499,6207,2335
2838,3240,4938,1499,2335,6207
@dps-end:
@rep:9
@time:0.95
@trys:442060
@seed:108626351
@dps-begin:
4785,150,4938,1499,6764
6533,4938,3130,1499,6764
4785,150,1499,6764
4785,2838,150,6764,4911
6533,4938,1499,6764
4785,629,150,1499,6764
4785,150,1499,6764,332
4785,150,1499,6764,2974
6533,2838,4938,1499,4911
6533,4790,4938,1499
4785,2838,150,4938,1499,6207
6533,4938,1499,1308
1056,150,4938,1499,6764
4785,150,4938,1499,1308
1056,6533,4938,1499,6764
4785,150,1499,6764,5631
4785,6533,4938,1499,6764
4785,150,2393,1499,6764
913,6533,4938,1499,6764
4938,3130,1499,6764
@dps-end:
@rep:10
@time:0.8
@trys:377890
@seed:107980007
@dps-begin:
3240,3130,4938,1499,6764,2335
4785,150,4938,1499,6764
6533,4938,3130,1499,6764
4785,150,1499,6764
4790,3130,4938,1499,332
936,4938,1499,3964,6764,6879
4785,150,2838,1499
150,4790,1499,332
150,936,1499,3964,6764
150,3130,4938,1499,6764
6533,4938,1499,6764
1056,936,4938,1499,3964,1308
1056,3801,4938,1499,3964
1056,4938,1499,3964,2335
4790,4938,3130,1499,332,2335
4790,3130,4938,1499,1308,332
1714,936,4938,1499,3964,6764
6533,2838,4938,1499
6533,4790,4938,1499
4785,150,4790,4938,1499
@dps-end:
