@rep:1
@time:1.81
@trys:745525
@seed:179424673
@dps-begin:
3240,3130,4938,1499,6764
6533,2838,4938,1499
4785,150,4790,1499
1056,150,1499,6764
4790,3099,1499
6416,629,3130,1499
1499,2204,6764,2974
1056,2838,1499,1116
896,6533,4314,1499,2923
2224,4938,1499,6764
3130,1499,6718
629,4790,873,1499
2838,1499,6588
5812,629,1499
6416,822,2838,1499,2923
3157,150,873,1499
1056,896,1499,2974
6416,4790,7064,4938,6879
150,2439,4938,1499,6764
6416,2439,4314,3130,1499,6879
@dps-end:
@rep:2
@time:1.12
@trys:508918
@seed:125164703
@dps-begin:
4785,150,2838,1499
1056,4133,6533,1499,5135
6416,4314,1499,2923
4790,4187,1499,3099
164,1499,2204,3550
1056,1499,6718,2335
4790,1499,3099,4911
6416,2838,1499,1116
4133,1499,2974,3550
6533,4187,1499
2838,1499,6588
3157,150,873,1499
2114,1499,2335
6416,1499,3550,6718,2335
2137,1499
4345,6697,5404,5135
1361,164,1499
2224,873,1499
6533,1499,2635
6416,629,6533,4790,1499,2974
@dps-end:
@rep:3
@time:1.97
@trys:880114
@seed:132011827
@dps-begin:
4785,150,4938,1499,6764
6533,2838,4938,1499
2165,4790,1499,332
1056,1499,2974,5135
6416,4790,1499,332
2486,2248,1499,6718
1056,1499,6764,1116
6416,1499,6764,2204
2165,1499,1308
2944,4790,3962,1499
2114,1499,2974
896,6533,5817,1499
1056,6416,2165,2838,1499
4790,1499,6588
145,2838,1499
1056,822,150,1499
2165,4790,1499,1308,2974
1056,822,4938,1499,1308,6764
3099,1499,6764,2974
2137,1499
@dps-end:
@rep:4
@time:0.92
@trys:424050
@seed:124987441
@dps-begin:
4785,150,4938,1499,6764
6533,2838,4938,1499
6416,5783,1499,6764,3964
629,7064,1499,2335
1056,4790,1499,1308,5135
1056,1499,3964,2335
5252,4938,1499,6764
1056,1499,1116,3964
7064,4938,1499,6718
1361,4938,1499
6416,2838,4790,1499,2204,4911
6416,1499,2923
1499,6718,2335
3801,1499,5631
822,7064,1499,2335
629,822,1499,1308
629,2838,7064,2335
4938,1499,6588
5252,1499,2204
5812,629,1499
@dps-end:
@rep:5
@time:1.35
@trys:616505
@seed:123979721
@dps-begin:
4785,150,1499,6764
2337,629,7064,1499,2335
896,6533,4790,1499
66,2165,1499,1308,3964
6416,1499,1116,3964,6764
7064,1499,6718,2335
6416,629,4790,1499,3964
6533,822,2838,1499
2838,3240,1499,2204
1499,3964,1308
4213,1499,4942
2486,3240,1499,2335
2114,3240,1499
822,1499,2974,5599
4213,822,1499,4942
5812,629,1499
2337,1499,2204,2974
6416,1499,4571,2204
6416,6533,629,4571,1499
66,629,6533,1499
@dps-end:
@rep:6
@time:1.18
@trys:544827
@seed:119777719
@dps-begin:
629,3240,3130,1499,2335
4790,3099,1499
6533,629,3801,1499
1056,1499,2974,5135
2486,3240,3130,1499,6718
6416,4790,3130,1499
5396,4790,7064,1499
896,6533,1499,2974
1056,2838,1499,1116
3240,1499,2204,3197
629,6533,1499
2337,7064,1499,2335
1056,629,2838,3240,1499
2114,1499,2335
3099,1499,1308
5396,4790,1499
2838,1499,6588
822,1499,2974,5599
822,6329,1499,1308
6533,822,3130,1499,1308
@dps-end:
@rep:7
@time:1.53
@trys:666607
@seed:117705823
@dps-begin:
3240,4938,3130,1499,2335
6533,2838,1499
4790,3099,1499
629,822,3240,3130,1499,6764
3240,3130,1499,6764,5135
150,1499,6764,2204
5396,4790,7064,1499
6416,2838,1499,1116
2137,4938,1499
6290,3130,1499,1483,6718,2974
3801,4938,1499,6588
6416,4785,2838,150,822,1499
6416,4790,1499
629,6533,1499
6290,3130,1499,2974
2838,4938,1483,1499
2114,1499,2335
6416,4938,1499,6718
4785,629,150,2838,4938
2838,5783,3240,7064
@dps-end:
@rep:8
@time:1.27
@trys:587810
@seed:112131119
@dps-begin:
4785,150,1499,6764
6416,4314,3130,1499,2923
1056,1499,3550,5135
2337,3130,1499,6718,2335
1056,1499,3964,2335
6416,629,3130,1499
2165,6839,3801,1499
6533,1499,3964,1116
150,4314,1499,2923
4785,6290,1499,6718
6533,3622,2838,1499
4790,7064,1499,2204
2838,6839,873,1499
1056,1499,1116
2838,7064,1499,2923
6329,491,1499
4790,1499,6588
2165,2838,873,1499
6416,2838,873,1499,3964
2838,1499,6588
@dps-end:
@rep:9
@time:1.07
@trys:495043
@seed:108626351
@dps-begin:
4785,150,4938,1499,6764
6533,4938,1499,6764
6416,4314,1499,2923
6533,1499,1308
4790,1499,2204
1056,2838,1499,5135
5252,2838,4938,1499
1056,759,1499,3069,6718
2137,4938,1499
1056,1499,6764,5631
4938,5402,1499,6764
2838,4790,7064,2335
759,1499,3069,5135,4911
1499,1116,2974
6533,2838,4938,2974
2114,1499,2974
1499,2204,6718
2838,1670,1499,5631
1361,1499,2974
4314,1499,2923,5550
@dps-end:
@rep:10
@time:1.62
@trys:701926
@seed:107980007
@dps-begin:
4785,150,4938,1499,6764
6533,2838,4938,1499
629,7064,1499,2335
6416,4790,1499,5135
4790,1499,332,1308
6533,4938,1499
690,1499,1308
4790,936,1499,2204
4785,4938,1499,6718
2137,4938,1499
4790,2838,2806,7064,1499
2224,4938,1499,6764
4790,2838,3130,1499
2165,2838,1499
6416,2838,4790,1499
629,7064,3801,1499
6915,4790,4938,1499,2335
6915,5812,1499
2806,1499,6718
6533,1499,2635
@dps-end:
