@rep:1
@time:1.67
@trys:666600
@seed:179424673
@dps-begin:
8609,978,9570,2579,6326,2665,8415
8609,978,2579,6326,2665,8415
97,7828,6326,9976,2665,4042,8415
9570,6326,9976,2665,7372,8415
8609,9368,9976,2665,8415
97,978,2579,2665,4042
8609,978,2579,9974,6326,2665,8415
978,2579,1059,597,6326,2665,7820
6326,9976,2665,7372,8415
7828,6326,9976,2665,8415
9570,6326,9976,2665,8415
978,6326,9368,2665
8609,97,978,2579,2665
978,1059,2579,2665
8609,6326,9368,2665,8415
97,978,6326,9976,2665,4042
97,6326,7592,9976,1983
97,8609,2579,2665,4042
97,9976,2665,7372,8415
97,978,2579,7828,6326,7592,8415
@dps-end:
@rep:2
@time:1.05
@trys:464600
@seed:125164703
@dps-begin:
8609,6326,9368,8171,8415
8609,6326,9368,2665,8415
8609,6326,9368,8171
97,8609,2579,2665,8415
8609,1059,2579,2665,8171
8609,2579,6326,2665,8415
6326,9368,6537
8609,6326,9368,7822
8609,1059,2579,8006
8609,9368,2665,7007
2579,5701,2665,7199
7031,9368,2665,2174
97,8609,6326,9368
8609,2579,2665,9675,7069
8609,2579,6169,6780,8415
8609,6326,9368,2665
8609,6326,9368,8415
8609,9368,2665,8415
8609,1059,2579,6326,2665
8609,2579,7031,2665,2174
@dps-end:
@rep:3
@time:1.4
@trys:595900
@seed:132011827
@dps-begin:
978,9570,2579,6326,9976,2665,7819,6175
8609,978,9570,1059,2579,2665
9570,978,2579,6326,2665,9515
8609,978,9570,2579,6326,2665
8609,978,2579,6326,2665,9548
8609,2579,6326,214,9368,2665,511
97,6065,8609,2579,2665
8609,9570,1059,2579,6326
8609,978,1059,2579,6326,2665
8609,9570,1059,2579,9976
8609,978,2579,8789,6326,214,2665,7819
8609,978,2579,6326,9974,2665
8609,6065,97,978,2665,9548
8609,978,2579,6326,2665
8609,978,9570,2579,6326
9368,6537,2665
978,2579,1059,8006
8609,97,9368,2665
8609,1059,5511,4429
8609,9570,2579,9675,2174
@dps-end:
@rep:4
@time:1.55
@trys:656500
@seed:124987441
@dps-begin:
8609,9570,2579,6326,214,2665,8415
8609,214,6326,9368,8415
8609,9570,2579,1059,214,2665,8415
8609,9570,7828,214,7031,2665,2174,8415
10069,6326,2665,7114,4204,8415
8609,2579,214,6326,2665,8415
8609,9570,2579,6326,2665,8415
9570,7828,6326,2665,9548,8415
8609,6326,9368,2665,8415
8609,214,6326,9368
97,8609,2579,6326,2665,8415
8609,9570,2579,1059,2665
8609,2579,7031,9548,2174
8609,2579,6326,2665,4204,8415
8609,9570,2579,7828,6326,2665,2174,8415
2579,1059,6326,214,2665,8415
10069,6326,2665,7114,4204
9570,2579,214,7031,2174,8415
10069,2665,7114,4204,9548,8415
9570,7828,6326,2665,9675,9548,8415
@dps-end:
@rep:5
@time:1.031
@trys:444400
@seed:123979721
@dps-begin:
8609,9570,978,2579,6326,214,2665,8415
8609,978,2579,6326,2665,8415
8609,2579,9368,9976,2665,8415
97,8609,978,2579,2665,8415
8609,2579,6326,9368,2665,8415
8609,978,6326,9368,2665
8609,978,9368,2665,8415
8609,978,6326,9368,8415
978,2579,6326,9974,2665,8415
8609,978,2579,2665,8415
8609,2579,6326,2665,8415
8609,978,2579,6326,2665,2095
6326,9368,6537
8609,97,9368,2665
8609,978,2579,597,8006
978,6326,9368,5982
8609,2579,3080,6169,8415
8609,978,7031,9368,2665
8609,2579,6326,2665,9675,7069
978,9368,2665
@dps-end:
@rep:6
@time:1.49
@trys:595900
@seed:119777719
@dps-begin:
9570,6326,9976,2665,2095,8415
8609,9570,978,2579,6326,2665,9548,8415
6326,9976,2665,9548,8415,2095
8609,978,2579,6326,2665,8415
8609,978,9570,6326,2665,8415,2095
9570,978,2579,6326,2665,9548,8415
978,9570,2579,9976,6888,2665,8171,8415
8609,978,9570,6326,9976,8171,8415,2095
978,9570,7828,6326,9976,2665,8415
6326,9976,2665,8415,2095
8609,97,978,2579,2665,9548
2579,6888,9368,9976,2665,8415
8609,9570,2579,7828,6326,9976,8171,9548,8317,8415
978,9570,6326,9976,7353,2665,8415
978,2579,6326,2665,8415
8609,9570,2579,6326,2665,8415
6326,9976,2665,7353,8415
978,9570,2579,6326,2665,9548
97,2665,9548,8415,2095
97,9976,2665,8415,2095
@dps-end:
@rep:7
@time:1.18
@trys:484800
@seed:117705823
@dps-begin:
8609,978,9570,2579,6326,2665,8415
8609,978,2579,6326,2665,8415
8609,978,9570,2579,6326,8415
6326,9368,8171,8415
8609,97,978,2579,2665,8415
8609,978,9682,2579,2665,9867,8317,8415
8609,978,2579,6326,9974,2665,8415
8609,9570,2579,7031,2174,8415
8609,978,1059,2579,2665,2009,9548
8609,978,9570,2579,6326,2665
8609,978,9570,2579,2665,8415
8609,9570,2579,6326,2665,8415
978,2579,1059,2665
97,978,2579,2665,8415
97,978,2579,7592,2665
978,9682,2579,9867,8317,8415
8609,9682,2579,2665,9867,8317,8415
8609,9570,2579,2665,2174,8415
8609,978,2579,9974,6326,2665
8609,978,2579,597,6326,6780,8415
@dps-end:
@rep:8
@time:1.71
@trys:676700
@seed:112131119
@dps-begin:
9570,6326,9976,2665,8415,2095
8609,9570,978,2579,6326,2665,8171,8415
9570,5876,6326,9976,2665,7353,8415
9570,21,6326,9976,2665,8415,2095
8609,978,2579,6326,2665,8415
8609,9570,2579,6326,9976,2665,8415
8609,978,9570,2579,6326,8415
978,9570,2579,6326,2665,8171,8415
9570,6326,2665,9548,5356,8415,2095
9570,6326,9976,2095,8415
6326,9976,2665,2095,8415
9570,6326,9976,2665,9548,8415
8609,9368,9976,2665,8415
8609,9570,1059,2579,214,6888,2665,8415
97,5876,7353,2665,2095,8415
8609,9570,2579,6326,2665,8415
5876,6326,2665,7353,8415
8609,978,9570,2579,6326,2665
8609,978,9570,2579,2665,8415
8609,9570,978,6326,2665,9548,8415
@dps-end:
@rep:9
@time:1.58
@trys:626200
@seed:108626351
@dps-begin:
9570,6326,9976,2665,2095,8415
8609,978,9570,2579,214,6326,2665,8415
8609,9570,2579,6326,2665,8171,8415
8609,978,2579,6326,2665,8171,8415
9570,978,9976,2665,8171,8415,2095,511
978,9570,2579,214,6326,2665,8415
978,9570,6326,9976,8171,511,2095,8415
8609,9570,9368,9976,2665,8415
8609,9570,2579,1059,2665,8171,8415
97,978,2579,597,9976,2665,8415
8609,9570,214,9976,9867,8317,8415
8609,9570,2579,6326,7031,8171,8415,2095
8609,2579,6326,2665,8171,8415
8609,9570,2579,6326,2665,8415
8609,9570,2579,6326,8171,8415,511
978,9570,6326,9976,8171,2095,8415
9570,978,2579,6326,9976,2665
978,9570,6326,9976,2665,8415
9570,6326,2665,2095,8415
9570,6326,9976,2665,8415
@dps-end:
@rep:10
@time:1.58
@trys:636300
@seed:107980007
@dps-begin:
8609,978,9570,2579,6326,2665,9548,2095,8415
8609,978,2579,6326,2665,9548,8415
8609,978,6326,9368,2665,8415
8609,978,1059,2579,21,2665,8415
8609,978,2579,6326,2665,6780,8415
8609,97,978,2579,2665,2095,8415
978,2579,6326,214,2665,7517,2095,8415
8609,978,6326,2665,4411,8413,2095,8415
6326,2665,9675,9548,2095,8415
6326,2665,9548,7517,8415
97,2665,9548,2095,8415
21,6326,2665,9548,8415,2095
6326,2665,9548,2095,8415
978,6326,9368,2665
8609,6326,9368,2665,8415
978,9368,2665,8413,8415
8609,978,6326,9368,8415
978,2579,1059,2665
6326,2665,9675,8415,2095
8609,97,978,2579,2665
@dps-end:
