@rep:1
@time:1.88
@trys:440172
@seed:179424673
@dps-begin:
4214,6102,2247,4360,4137,3322,3660,4829
1777,2021,2184,4360,4137,5549
4214,6102,4360,4441,6255
6102,2184,4441,218,3660
4214,2184,312,4441,218,4076,4829
2247,4137,3660,4829,2126,2287
4677,6102,4214,2119,1306,3660,2126
3040,2021,4214,6102,2247,312,4137,5051,6255
1152,6102,4214,2184,1417,218,3502
1777,2021,6102,2247,218,1306
2193,3076,6102,4214,2247,3660,4829,3502,2287
6102,2184,4360,4137,2073,1785,2587,2287
1777,4214,4663,4441,3660,4829,2126,4943
2288,1972,6100,6102,2247,218,4829,6255
6100,2021,4677,2119,4360,5721,4829,5549,3502
1152,369,2021,2247,4137,218,4829,3502
6102,2247,3322,218,3660,6255,2287
1972,2021,4663,2119,2247,2184,5721,4441,4137,4829,909
1972,2247,4570,3660,4829,4318,3374,2287,6255
629,6102,2247,4360,2184,5721,3977,3660
@dps-end:
@rep:2
@time:1.91
@trys:453446
@seed:125164703
@dps-begin:
4214,6102,2247,4360,4137,3660,4829,4207
5188,4214,4441,218,4829
4214,4137,218,4829,6255
2657,4214,6102,4120,218,4829
2021,1462,4214,4120,4137,4829
5362,6102,6599,4360,218,3660
2021,4214,2184,4137,218
6386,6102,4360,4137,3660,4829
2562,4214,4360,3660,4829
6102,2247,4360,218,1386,4829
1185,2021,6102,4214,4441,4137,5370,3660,5823
1136,6386,2021,2247,2184,4137,4441,3821
2021,4214,2247,4137,218,1340,4188
2021,6102,2247,2184,4137,2458,5402,3821
2021,4214,4441,5402,218,4142
1136,6102,2247,3660,4829,3821,6255
6102,2184,4137,4441,3660,5756,4829
4214,2247,2184,4137,2073,4441,5402,218
6102,2247,4441,218,1084,3660,4142
2210,5362,6102,4214,2247,6599,4120,4137,5370,1386,4188
@dps-end:
@rep:3
@time:2.3
@trys:518430
@seed:132011827
@dps-begin:
2021,4214,2247,2184,4360,4441,1084,5807
2401,4484,3972,2021,4214,4360,4441,4619,1084,5983
2036,4484,4214,583,2184,4360,1306,2363,5807
6102,2807,4360,2184,4441,218,5868
4214,2247,2184,5402,218,1084,6255
2021,4214,2247,6584,4137,6939,1084
1777,4214,2247,2807,2184,4137,218
2210,4214,2247,4441,4829,5807
1777,2036,2021,2247,2184,1306,1084
1777,5427,2247,4360,3128,1738,5402,218,6939,5983
2036,4214,6102,2247,4137,4829,6669
3972,4214,2247,4360,5402,1308,4829
4214,2807,2247,1738,5868,4829,909,6255
1777,6386,2210,4214,6102,2247,2184,4619,4829,4318
6386,4214,2247,4137,4829,2287,5807
4214,2247,4360,3128,1306,6939,4188
2021,4214,6102,2247,218,5402,4829,1181
1777,5427,2036,6102,2247,2184,4360,1738,5868
4484,4214,2247,2184,4441,1738,6255,2287
2036,4214,6102,583,2184,4441,1306,1738,572,4829
@dps-end:
@rep:4
@time:1.87
@trys:433548
@seed:124987441
@dps-begin:
4214,2247,760,4360,2184,1289,4441,1084
1152,4677,4214,6102,2247,4360,4441
6448,1777,6102,2247,4360,2184,218,1020,3821,6255
1777,2021,6102,2247,2184,4441,4059,1084
4214,4441,218,3660,1084
2021,4214,2184,4137,3821
6448,2484,4677,2247,4360,4441,1084,3660
4214,4137,3660,1020,1084,6255
4214,4120,1289,4441,218
581,6102,4441,1289,218,6255
4214,1958,2184,4441,218,3660,4847
6448,3809,2546,2021,4360,4137,5721,1289,1084
1217,2247,4441,1289,5721,4188,3660
1777,87,2184,4137,1289,218,3821,2990
581,6102,4214,2184,4441,1289,3821
87,2184,4360,4441,1322,218,4619,1084
3809,1185,1958,87,4360,4441,1289,3821,1869,6031
1217,4214,2247,1289,4137,1322,218
5188,6102,4214,4360,4441
2450,725,2021,4677,5782,87,4441,218,5370,3660,1084
@dps-end:
@rep:5
@time:1.841
@trys:446457
@seed:123979721
@dps-begin:
4214,2247,4360,4441,3660,4829,5807
4214,4137,4441,218,6255,5807
4137,218,3660,4829,6255
4214,2184,4360,4137,1084
4214,312,4441,3660,4829,5807
4261,4214,2184,4829,4142,6255,5807
4484,2247,4120,4137,4829,5807
4261,4695,2247,4360,5721,3660,1469,4142,5807
4261,2247,218,3660,4829,5807
4214,2247,4120,2184,4441,2458,3660,4877
1777,4626,2247,2184,4137,218,5807,5983
2021,2247,87,4360,218,4829,3534,5807
1152,2404,2021,2247,2184,5721,218,1469,5807
1152,2021,4214,2247,4360,5721,2587,3660,1469
4261,2247,218,3660,4829,5807
1185,3508,2184,4360,4137,5721,4829,5807
1777,2247,2184,4360,218,4829,3534,5807
2210,2247,312,4360,3660,4829,5807
2210,5188,4214,4360,1084
4626,4214,2247,4441,5370,4829,5807
@dps-end:
@rep:6
@time:2.08
@trys:497199
@seed:119777719
@dps-begin:
4214,6102,2247,4360,2184,4441,5807
708,4214,2184,4360,4137,1084,478
4214,6102,2247,4441,5721,218,6255
4214,6102,2247,2184,4441,1306,6255
6102,2247,2184,4360,5721,4137,1084,4829
5188,4214,4360,6281,1306,158,5807
2247,218,4829,6255,5807
1217,4214,2184,1306,5807
2021,4214,2247,2184,4441,1084
6102,4214,2247,2184,909,5807,2287
2753,2021,2247,2184,5721,1084,4829,909
2021,2184,4441,218,5807
291,2021,2247,4360,2184,218,909,478,5807
1777,2184,4360,4137,4829,5807
4214,4441,218,4829,5807
1777,1876,4137,218,4829,5807
4546,3013,4214,4137,909,4829,5807
4546,2021,6102,4214,2230,2184,4441,2287
1217,2021,6102,4214,4360,4829
2753,708,2021,2230,6102,4214,2184,4829,478,2287,5807
@dps-end:
@rep:7
@time:1.74
@trys:433204
@seed:117705823
@dps-begin:
2003,4214,6102,4360,4137,3660,4829
4214,6102,2184,4137,1306,6255
2021,6102,4214,2247,4137,218,1515
1777,2003,6102,4360,5721,1306,3131,3660
1185,6102,2247,4360,4441,1802,3660,6255
2003,4214,6102,4360,2184,2202,4188
1777,2003,4360,4137,4829,6255
4214,4360,4441,218,3660
4214,4360,1289,4441,1802,3821
1289,4441,218,3660,6255
3987,4214,2247,1289,5721,4441,909,6255
2193,2247,2184,1289,1306,3131,909,2287
2003,3045,1289,2587,6939,1084,3821,6255
1185,2003,1875,5669,4214,2184,4137,4188
2193,87,218,6939,3131,3660,4829
1875,2021,6584,4441,1289,218,1386
2210,2003,1875,4214,1289,1084,4829
2021,6584,4137,5721,1289,3660,4188,2287
2021,4360,5721,6939,3131,4829,2287
1777,5393,5590,4214,6102,1289,218,2587,572,3821,158
@dps-end:
@rep:8
@time:1.41
@trys:361480
@seed:112131119
@dps-begin:
2003,4214,2184,4360,1289,4137,4829
2003,3972,6102,4214,2184,1289,4137,6255
1777,2003,1156,4214,4360,1289,3322,6255
2017,2003,1764,6102,4214,4441,5721,4137,218
5188,4214,4137,3322,1084,2287,6255
4295,1084,3660,4829,6255
1777,2210,4214,4137,1289,4829
4214,166,2184,4360,1084
2017,6102,4214,4295,4360,1738
1289,4137,218,1084,6255
4214,4137,218,3660,4829
2021,2230,5721,4441,218,4829,6255
4214,2184,1289,218,4829
2021,4214,4360,4441,4137,1738,2587
1185,6102,4214,4441,3660,6255
1777,389,2230,4360,1289,4137,5721,4829
1156,4214,6102,4295,3322,3660,1084,4829
160,1764,1289,4137,3322,218,3660
160,1185,4214,4295,1289,5721,3660,2287
2003,1156,6102,2230,2184,1289,4441,1738,1162,3660,2287
@dps-end:
@rep:9
@time:2.08
@trys:483380
@seed:108626351
@dps-begin:
4214,6102,2247,4360,4137,3660,4829
6102,4137,218,3660,2126
4581,4214,2247,2184,4360,1084
1185,6102,4214,2247,4441,218,6255
1536,657,1777,4214,2184,4441,218,3660,3821,2574
2341,4581,6102,2247,4360,2184,4441
4214,2247,4441,3660,4829,6255
4214,6102,2247,1306,1084,3660
1777,2247,4441,218,3660,4829
2184,4441,5721,1084,1708,5807
6102,2247,3224,4137,842,3660,4829,2126,4207
1536,2247,5721,4137,3660,4829,3821
4214,4407,1708,4829,5807,6255
4214,218,3660,4829,478,5807
657,6102,2247,4441,3660,4829,3821
5721,4137,1084,4829,6255,5807
5699,4214,4441,218,4829,478,5807
1536,2247,2184,4360,218,5244,4829,5807
2210,3382,6102,4214,2119,2184,4441,1853,4829
657,4581,4214,2247,2184,5721,4137,4207,5807
@dps-end:
@rep:10
@time:2.24
@trys:489784
@seed:107980007
@dps-begin:
2804,6102,4214,2247,4360,4137,3660,4829
4214,6102,1162,5370,218,4188,4829
3425,5188,6102,4214,4137,4829
4137,6939,3660,4829,6255
4214,4441,218,6939,3660
2021,4137,218,3660,4829
2753,2804,6102,4360,4137,2587,3660
2021,4214,2184,4441,4318,6255
2193,3714,4214,6439,2247,218,3660,4829,2495
2247,4360,4441,218,6939,3660
4214,2247,4441,1162,6939,3660,4829
2021,2184,4360,5721,4137,1084
4214,2247,6939,3660,1084,4829
4214,2247,2184,4441,4137,1084
2021,6102,2247,4441,218,250
4214,2247,5370,1084,3660,6255
2193,2529,6102,2247,218,6939,3660,4188
4214,2247,2184,4137,6939,6255
2193,2247,4360,3660,4829,6031,6255
2193,2247,5721,4137,4441,6939,1084,6255
@dps-end:
