@rep:1
@time:2.081
@trys:617528
@seed:179424673
@dps-begin:
5608,2137,4602,6364,3757,3710,1454
2998,4602,6364,3757,6286
2998,4602,4490,6364,1454,3407
2673,3543,3752,4602,1454
3752,4602,1579,1454,2623
2112,1366,4875,6364,2476
2112,3543,4602,6364,3757
1153,2673,2998,4602,6364,3757
6672,2673,4227,2998,4602,6286
2673,3752,4602,1454,1055,2623
3752,4602,4875,6364,892,3757,1454
5608,4602,3757,1454,6286,2623
2137,4602,1579,6364,3407
2336,4611,3752,6968,4602,3757,1454,3407
116,5608,2137,3710,1055
2673,2998,3752,4875,1454,1055
2998,6364,4460,3757,6286,1055,3407
2640,6968,3752,4602,6364,3757
4278,2998,3031,2137,4602,3407
6672,4227,4421,2998,6968,4602,4875
@dps-end:
@rep:2
@time:1.79
@trys:539187
@seed:125164703
@dps-begin:
6672,448,116,5608,2137,6364,3710
2998,4602,6364,3757,6286
6672,1332,3752,4602,1454,3407,4847
2112,3543,2137,1401,4602,3757
2112,1366,3752,1401,2137,4716,6364,1454
2998,2137,4602,1579,5999
338,1332,3752,1579,6364,3757
2112,338,4611,4631,4602,6364,3407
4631,5608,4602,6364,3757
6672,4421,2998,4602,6286,3407
448,6672,5608,3710,4959
6672,448,544,4602,6364,2671
529,1332,2998,3752,6364,3757
3543,3752,1401,3757,1454
5543,1401,2137,4602,6364,6556
4291,2998,6286,5999,2671
4421,4278,2998,2137,1401,4602,6074,6556,3757,5999
116,4602,6364,3710
2112,116,2998,4602,2671
544,1332,2998,808,1401,6286
@dps-end:
@rep:3
@time:1.53
@trys:474076
@seed:132011827
@dps-begin:
6452,5608,4602,6364,3757,1454,3710
4611,6452,1013,2137,1401,4602
6692,5845,2137,4602,6364,6286
6452,3752,2137,4602,1579,6364
2112,3543,4602,6364,3757
2673,2998,4602,539,6364,3757
1013,5608,3710,2671
116,4602,6364,2671,5999
2673,5845,2998,4602,6364,5999
6452,3543,4602,6074,5999
2998,4602,539,6364,3757
6452,5845,2998,2137,4602
4291,4611,1013,425,5999
6452,5845,1366,3752,6364,3438
2112,6452,2998,359,1112,4602,6074,6364
6452,5608,6364,3710
4602,6286,5999,2623
5845,3752,1401,539,6364,3757,1454
6452,116,4726,3752,2137,6074,5999
5608,1401,2137,4602
@dps-end:
@rep:4
@time:2.41
@trys:716605
@seed:124987441
@dps-begin:
6452,2998,3304,5608,4602,6364,3757,1454
2370,4602,1579,6364,1454,2623
2112,3543,3799,1050,4602,2476,6364
3752,4602,6364,1454,2623
6452,2137,4602,2092,6364,3757,1454,3407
1186,1332,6452,1720,3752,4602
2673,2998,4602,6364,6286,3407
2545,1332,2998,4602,2476,6364,3757,1454,6286
2112,2673,6452,5898,4602,6364,2092,2671
2370,6452,5575,1401,2137,4602,670,2623
2673,2370,4602,6364,6286
672,5874,6452,5608,4602
6452,2998,2476,6364,1454,2671
6452,4602,6364,670,1454
6452,3752,4602,1454,3407
2370,467,4602,1579,1454
5543,3752,1401,4602,1454
5608,2137,4602,6364,3757,461,2623
2673,2545,1332,2998,4602,6364,3407
6452,2998,1401,5898,4602,2671
@dps-end:
@rep:5
@time:2.09
@trys:603296
@seed:123979721
@dps-begin:
448,338,6452,116,2998,1401,4602,6364,2092
338,6452,2998,2137,4602,2476,6364
6452,3752,1401,2137,4602,1579,6364
2112,338,6452,1013,1401,4602,2476,6364
6452,3543,1401,4602,2476
6452,6692,1013,1847,4602,2092
2673,6452,3752,1401,6364,3757,6286,2623
2673,1153,3752,2137,4602,6364
5543,5608,2137,1401,6364
5608,1401,6602,3710
2112,1366,2998,2137,4602,2092,6364
3543,3752,2137,4602,1454
2673,5608,2137,1401,4602
2673,338,6452,1847,6364,2476,2092
4611,1401,425,2671
2112,1153,2998,4602,6364
6692,1847,4602,2092,6364,2623
448,2112,1401,6364,2671,2623
448,6452,6068,1013,808,4602,2671
6452,5608,808,3710
@dps-end:
@rep:6
@time:2.39
@trys:695341
@seed:119777719
@dps-begin:
5608,1401,2137,4602,6364,3757,3710
2112,6452,1013,2137,4602,6364
2673,2137,4602,4698,6364,3757
2112,3543,4602,6364,3757
2673,5874,3752,4698,6286
1153,2673,3752,1401,4602,6364
3059,3752,2137,1401,4602,6364,3757,6286
6692,6452,39,4602,6364
4602,6364,3757,6286,3710
5608,2137,3710,5999
2673,1401,4698,6364,3757,6286
2673,6452,3752,1401,4698
4278,39,2137,4602
2112,3059,1013,1401,6286
2112,2673,3027,3031,4698,4602,6364
2673,6452,3543,3752,4698,4602
5874,3752,2137,4698,3757,6286
5874,6692,6452,1013,3752,6364
2112,116,4602,2476,2671
2673,5608,1401,4602,3757
@dps-end:
@rep:7
@time:1.46
@trys:460448
@seed:117705823
@dps-begin:
5608,2137,4602,6364,3757,3710,1454
2998,4602,6364,3757,6286
2112,3543,4602,2476,1454
2998,1401,2137,4602,1579
2673,6376,4602,6364,6286,1454
529,2998,4602,2092,6364,6333,3757,1454,5999
2673,4116,2998,4602,3757,1454
4611,1366,4602,2476,6364,3757
2112,2998,4602,6364,2476,670
116,3031,4602,6364,1454
1153,2673,2998,4678,4602
5608,6364,3757,3710
5608,4602,3757,1454,6286
5543,5608,4602,1454,5999
2998,3543,2137,4602,892
3543,4602,2476,6286
2112,4611,6692,4116,6364,3757,6286
2673,4602,6364,1454,670,6286
4678,5608,1401,2137,6364,1454,3951
2673,116,2998,2137,2092,6364,5999
@dps-end:
@rep:8
@time:1.31
@trys:409910
@seed:112131119
@dps-begin:
116,6695,5608,3752,1401,6364,3710
2370,4602,6364,1454,2623
2112,6452,695,3543,4602,2476,3757,1454
4291,1401,4602,1629,2671
1332,3752,1579,3757,5999
5845,3752,2476,6364,3757,6286
2112,1366,4602,6364,3757
2112,2673,6452,1332,4698,2476,3757,1454
2673,6452,4698,4602,6364
4291,1401,4602,2671
3543,4602,3757,1454,5999
6452,5608,6364,1454,2623
2673,1332,4602,6364,6286,5999
6452,3752,4602,4698,6364,6286,5999
1300,5543,4602,1454,5999
2112,6452,359,3543,4602
529,1332,3752,4698,6364,3757,6286
2112,5608,6364,3710
5845,4278,5608,4602,1454
2112,529,6452,4602,6364,3757
@dps-end:
@rep:9
@time:2.18
@trys:631368
@seed:108626351
@dps-begin:
544,6721,6452,116,2998,4602,2092,6364
2112,3543,1401,4602,2476
6452,2998,4602,6364,2476
6452,2998,4602,1579,1454
2112,1366,4875,6364,2476
2998,4602,4875,1454,6286,5887,2623
2137,4602,6286,5999,3407
3752,5608,6364,1454,2623
3752,4602,4875,6364,1454
2640,5874,6452,39,6968,1401,4602
544,5874,4602,6286,2623
3543,359,4602,2476,6364
5543,2137,1401,4602
4291,4602,2476,6286
2370,5608,461,1454,5999
1153,2998,1401,4602,1454,3407
3752,2137,4602,6364,892,3407
4726,5608,1401,3710
6721,116,6364,2476,2671
116,2998,1401,6364,6286
@dps-end:
@rep:10
@time:2.25
@trys:674239
@seed:107980007
@dps-begin:
2673,6452,3752,4602,4698,2092,6364,5999
6452,3752,4602,6074,6364,2092,2623
2112,3543,4602,6364,2476
6452,3752,4602,6074,1579,6364,2092,2623
2112,1366,4875,6364,2476
6692,6452,4602,2092,6364,2476,5374
2673,1153,3752,1401,4698,2092,5999
6452,4602,6364,3710,2991
2673,6452,4602,6364,6286,5999
1300,3752,6364,3710,5999
1872,1366,4602,4875,6364,2476
1013,5608,3710,2671
5845,5608,4602,6364,3710
2112,6452,1013,6456,4602,6074,6286
6452,3752,4698,6364,2476,6286
116,5608,6364,3710,2623,2991
116,3031,4602,2092,6364
6452,116,2343,5608,3752,1401,6364
2370,1300,5608,4602,6364
6452,3752,1401,4602,4875,2476
@dps-end:
