@rep:1
@time:3.911
@trys:493501
@seed:179424673
@dps-begin:
11026,821,3148,9167
12353,11886
1702,1193,6795
6944,10252
11817,2381,1646
10736,12051,8584
5979
9491,7268,4312
4145,8946,3462,5486,9934
2789,1525,4406,12542
8367
4129,4869,8134
2522,7036,4782
5490,1640,6638,4671
3379,6725,8171
5080,7998
7169,12450,5639,6028
6083,6901
11888,438,11855
6517,6253,10653,8303
@dps-end:
@rep:2
@time:3.66
@trys:480722
@seed:125164703
@dps-begin:
12010,3148,990,9167
6100,2217
5025,4886,9819
5656,5326
2872,4879,5695
9986,10101
7001,9355
8367
4046
9405
3345,9491,1614
7191,6775,3277
11120,12148
8423,8495
10490,5979
7610,973,7102
1972,11951
6228,9973,3110
10529,7340
10948,7435,10171
@dps-end:
@rep:3
@time:3.54
@trys:455449
@seed:132011827
@dps-begin:
7633,2425,3148,3182
3764,5382
10759,9721,9199
12353,11863,8168
728,938,5116
10555
8674,8134,424
4161,5435,4476
2977,7413,11806
5080
2688,9096
10363,12109
3427,6741,5582,11070
6851,9383,11613
5067
9491,1422
12131,990
9504,4452,8858
5656
6354,8019
@dps-end:
@rep:4
@time:3.7
@trys:480756
@seed:124987441
@dps-begin:
7633,2425,3148,3182
1744,11330,4744
9509,8616
5396,3206
6225,11219,11492
8092,9102
11488,4733
3417,4621
8471,7722,11690,684
9405
561,3322,1899
12309,2086,3884,8223
7971,10329
9491,8871,10843
3974,7927,10808,556
12131,5822
4145,2452,11660
1872,9121,3637
6936,11611
8134,2894
@dps-end:
@rep:5
@time:3.51
@trys:455374
@seed:123979721
@dps-begin:
1639,3148,9167,5839
2397,5182
8279,2872
11163,1356,2799
8358,5656
10432,5165
8120,2522
8324,1646
5080
9169,4390,7435
10727,559
1765,1961,6028,7758
4793,1834,11004
7138,9355,8430
5067
9405
2688,4789,9799,6696
7062,11239,4012
5288,12222,10190
10193,7443,10198
@dps-end:
@rep:6
@time:3.59
@trys:455565
@seed:119777719
@dps-begin:
5606,2425,3148,3182
10806,4046
6517,8092
7056,8823,3277
12353,3284
11219,7225,7182
7089,10727,636
12212,5845,11035
10864,3590,10140
9405
10994,4406
1748,684
11202,8134,967,12602
4006,2093
4083,7016,1455
7203,7349,4310,8471,2823
5299,4484,7549,1710
596,780
4618,9355
9928,1193,8315,9596,12447
@dps-end:
@rep:7
@time:3.74
@trys:480868
@seed:117705823
@dps-begin:
8200,2425,3148,3182
11488,2043
7875,11417,4377,3821
2872,12395
10432,2197,9276
3953,10038,11639
684,3935
9355,4796
12039,7191,8238,2271
6083,8423,12143
10994,10141
9856,354,1812
7812,11945
1328,4869,9672
9405
5067
12131,8200
10272,6100
6807,606,12575
6085,12279,5240
@dps-end:
@rep:8
@time:3.621
@trys:467899
@seed:112131119
@dps-begin:
2425,3148,990,9167
1618,2635,3966
6777,702
9298,11511,4667
2112,8134,4845
6129,4452,6718
9138,4310,343,4856
5656,4591
8367
2085,3816,5801,559
561,10658,9988,5594
3281,5091
9405
1314,11114
3819,299,11549
2289,582,2072,5960
5681,11951,2303
7731,2892,796
12370,2339,11085
9938,8084,4295
@dps-end:
@rep:9
@time:3.48
@trys:455410
@seed:108626351
@dps-begin:
7633,3148,3182,9167
10101,4374,5484
4452,3332,10363
5067
9405
11333,10159
11698,684
8226,2872,3881
6100,10380
7236,9674,9997,3055
9058,8199
4725,3513,7467
12465,7652
8775,11114,6093
7991,11417
2064,7812,6519,5839,12319
10994,4406,1758
5979,12123
6535,8219,7340
8138,4621
@dps-end:
@rep:10
@time:3.71
@trys:480660
@seed:107980007
@dps-begin:
7633,2425,3148,3182
6519
11488,1763
4216,11806
320,12353
11702,5656
8367
11143,5288
12344,4046
8112,5287,10984,9674
9405
8386,8542
6910,11519
3966,9551
5577,8618,892
4310,4396
12131,1162
10627,8134,8760
7507,11951
5493,2518,10252
@dps-end:
