@rep:1
@time:0.19
@trys:100302
@seed:179424673
@dps-begin:
1985,1354
985
2245,767
1805,94
2119,345
1681,1098,301
562,1343
883,71
994,245
1985,166,767
562,1755
1696,964,296
562,1118
2128,850
2115,1815,239
626,793,746
1450,2012
1735,376,1021
1181,239
1365,2246
@dps-end:
@rep:2
@time:0.18
@trys:97908
@seed:125164703
@dps-begin:
1985,2054
985
1622,1402
182,1049
2036,1098
1765,2245
1140,1237
1365,285
1153,1862
626,1240
178,1432,2173
796,1836
1362,1341
933,1341
531,239
691,71
386,1286,1670
1749,357,1836
1765,1999
608,112,1681
@dps-end:
@rep:3
@time:0.17
@trys:86495
@seed:132011827
@dps-begin:
1985,2054
985
585,239
380,703
1365,1399
1474,1670,1320
2128,1818
1362,1951
2235,1019
1213,447
1140,1118
1408,182
1859,1447,1291
1571,182,1758
531,1477
1098,1275
2135,2119
1140,1999,1951
1670,2119,670
4,239
@dps-end:
@rep:4
@time:0.16
@trys:84174
@seed:124987441
@dps-begin:
1985,2054
985
864,1365
1857,626
1616,1815
1275,1836
2119,1244
366,1999
785,340
1985,1346,1480
826,1231
435,796
1735,1721,1098
562,1755
994,1637,1223
1985,452
2003,1790,1934
1346,245,239
562,251,1422
320,1985,2077,1231
@dps-end:
@rep:5
@time:0.19
@trys:95638
@seed:123979721
@dps-begin:
1985,2054
985
2032,1118
883,41
1718,218
1174,71
243,1174
864,1560
1356,366
1940,1341
994,245
1362,1063
2006,2295
1098,764
1987,1951
1985,1495
1080,1341,1999
1203,1019
1203,340,1080
182,236
@dps-end:
@rep:6
@time:0.19
@trys:100358
@seed:119777719
@dps-begin:
1985,1735
985
2022,1422
182,927
332,1934
1735,155
243,1000
182,1195
386,71
1223,778
392,41
2082,1362
1622,366
1174,1437
435,2245
1985,102
205,1231
1424,366
2121,1019
1127,1326
@dps-end:
@rep:7
@time:0.2
@trys:100573
@seed:117705823
@dps-begin:
1985,2054
985
245,892
1548,2141
1447,1500,1598
562,1492,781
386,1174
562,187,1373
677,2246
411,1341
1266,447
1365,1291
1362,731
248,1231
562,2121,731
1987,621
406,124
1354,1707,2191
1057,555,588
562,1321,1500
@dps-end:
@rep:8
@time:0.2
@trys:102894
@seed:112131119
@dps-begin:
1985,1735
985
1733,1181
905,781
1393,2119
562,1090,796
1622,409
245,239
562,967,591
1153,1223
1301,1901,366
1365,1525
977,182
435,1508,1951
864,1177
2082,1605,1736,1660
1447,1815,1354
1090,1354,2139
2256,994,1670
544,994,53,1354
@dps-end:
@rep:9
@time:0.13
@trys:68122
@seed:108626351
@dps-begin:
1985,1735
985
663,666
166,239
306,1660
1019,892
1362,524
245,239
1777,588
182,2141
353,1508
449,1667,1611
544,1733,1098
1365,1836
546,820,857,588
274,1538,1390,239
1217,1912,447
534,1422,94
1456,372,2246,1213
2305,392,1560
@dps-end:
@rep:10
@time:0.19
@trys:102740
@seed:107980007
@dps-begin:
1985,2054
985
562,998
106,764
1696,724
340,1019
1362,618
386,243
6,1306
785,1240
608,1237,239
785,340
1985,1154,2054
531,731
2246,1912,1836
2135,346,1341
1317,1231
562,2269
608,562,310,188
1985,1579,239
@dps-end:
