@rep:1
@time:1.49
@trys:615384
@seed:179424673
@dps-begin:
6533,4938,3130,1499,6764
4785,150,4938,1499,6764
4785,150,1499,6764
1056,4938,1499,3964,6764
6416,4790,3130,2923,1499,332
6416,4938,3130,1499,6764
896,6533,4790,1499,332
4785,150,1499,6764,2204
4790,3130,1499,332
4938,3130,1499,6764
6416,4790,2923,1499,332
6533,3130,1499,6764
4790,4938,1499,332
6416,936,1499,6764,3964
4785,150,4790,1499
1056,150,1499,3964
4785,150,4938,1499
2838,150,1499
6533,3130,4938,1499
896,4790,3130,1499,332
@dps-end:
@rep:2
@time:2.08
@trys:850733
@seed:125164703
@dps-begin:
4785,150,4938,1499,6764
4785,150,1499,6764
4133,936,1499,3964,3550
4133,936,3801,1499,3964,3550
6533,2838,4938,1499
1056,4133,6533,1499,5135
936,1499,6764,3964
629,936,1499,6764,3964
6533,2838,1499
4785,4790,150,1499
1056,936,1499,5135
4790,936,2184,3962,1499
150,2838,4911
6416,4314,1499,2923
4785,150,4938,1499
4133,936,2184,1499,3550
629,6533,1499,6764
1056,150,1499,3964
7120,629,150,1499,6764
150,4938,1499,6764
@dps-end:
@rep:3
@time:2.06
@trys:843873
@seed:132011827
@dps-begin:
3240,4938,3130,1499,2335
2337,629,3130,1499,6764,2974
4785,150,4938,1499,6764
6533,3130,4938,1499,6764
4785,150,1499,6764
629,3240,3130,1499,6764
6416,4938,3130,1499,6764
1056,4938,1499,3964,6764
6533,629,3130,1499,6764
1056,1499,6764,2974,5135
4785,150,1499,6764,2204
2165,3240,4938,3130,1499,6764
4938,3130,1499,6764
4790,3130,1499,332
6533,3130,1499,6764
6416,629,3130,1499,6764
6416,4938,3130,1499
3240,4938,3130,1499
1056,1499,6764,3964,2974
3240,4938,1499,6764
@dps-end:
@rep:4
@time:1.18
@trys:493894
@seed:124987441
@dps-begin:
6533,3130,4938,1499,6764
4785,150,4938,1499,6764
4785,150,1499,6764
1056,4938,1499,3964,6764
6416,4938,3130,1499,6764
7064,4938,1499,2335
6533,629,3130,1499,6764
6533,3130,1499,6764,5631
2838,3095,3130,4938,1499
4785,150,1499,6764,5631
1056,6533,1499,6764,5135
1056,6416,4938,1499,3964,2335
4938,3130,1499,6764
150,3130,1499,6764
6533,3130,1499,6764
6416,3130,4938,1499
6416,629,3130,1499,6764
1056,629,1499,6764,3964
1056,150,1499,3964
150,4938,1499,6764
@dps-end:
@rep:5
@time:1.44
@trys:636358
@seed:123979721
@dps-begin:
4785,150,4938,1499,6764
4785,150,1499,6764
629,3240,7064,1499,2335
896,6533,4790,1499,332
4785,150,1499,6764,2204
2337,4785,629,150,1499,6764
629,3240,1499,2335
2838,3240,1499,7118,2335
4790,3240,1499,332,2335
6533,2838,1499
4785,150,4790,1499
2337,629,1499,1308
150,2838,4911
629,6533,1499,6764
4213,7064,3240,1499,2335
896,4133,4790,1499,332
4785,4213,150,1499
3240,1499,2204,2335
4785,629,150,1499,1308
4790,1499,2204,332
@dps-end:
@rep:6
@time:1.27
@trys:529617
@seed:119777719
@dps-begin:
3240,3130,4938,1499,2335
629,3240,3130,1499,2335
6533,3130,4938,1499,6764
6416,3130,4938,1499,6764
6416,4790,3130,2923,1499,332
1056,4938,1499,6764,3964
4790,3240,3130,1499,332,2335
4790,150,1499,332
6533,629,3130,1499,6764
150,3130,4938,1499,6764
4790,3130,4938,1499,1308,332
896,6533,4790,1499,332
4790,3130,1499,332
3240,3130,1499,2335
4938,3130,1499,6764
3240,3130,4938,1499
4790,3130,4938,1499
1056,4938,1499,3964
6533,3130,1499,6764
3130,4938,1499,1308
@dps-end:
@rep:7
@time:2.19
@trys:836651
@seed:117705823
@dps-begin:
3240,4938,3130,1499,6764,2335
6533,4938,3130,1499,6764
4785,150,4938,1499,6764
4785,150,1499,6764
6416,4790,3130,2923,5867,1499
629,3240,3130,1499,6764
4790,3130,4938,1499,332
1906,4790,3240,1499
6416,4938,3130,1499,6764
629,6533,3130,1499,6764
1906,3240,4938,1499,6764
896,6533,3130,1499,5867
561,629,1499,6764,5135
4785,150,1499,2204,6764
6416,1056,1906,2514,4790,2923,1499
4790,3130,1499,332
3130,4938,1499,6764
150,3130,1499,6764
6533,3130,1499,6764
6416,629,3130,1499,6764
@dps-end:
@rep:8
@time:2.12
@trys:822465
@seed:112131119
@dps-begin:
3240,3130,4938,1499,2335
629,3240,3130,1499,2335
4785,150,4938,1499,6764
6533,3130,4938,1499,6764
4785,150,1499,6764
2337,629,3130,1499,6764
3240,4938,1499,2335
3240,936,1499,3964,2335
936,4938,1499,6764,3964
6416,3130,4938,1499,6764
7120,4938,3130,1499,6764
936,1499,6764,5135
629,6533,3130,1499,6764
3240,3801,3130,4938,1499
2337,629,150,3130,1499,6764
2337,629,3801,3130,1499,2335
936,1499,6764,3964
3240,3130,1499,2335
3130,4938,1499,6764
6533,3130,1499,6764
@dps-end:
@rep:9
@time:1.36
@trys:558007
@seed:108626351
@dps-begin:
3240,4938,3130,1499,6764
2337,629,3130,1499,6764,2974
6533,4938,3130,1499,6764
4785,150,4938,1499,6764
4785,150,1499,6764
629,3240,3130,1499,6764
6416,3130,4938,1499,6764
6416,4314,3130,1499,2923
6533,629,3130,1499,6764
6533,3130,1499,6764,5631
4785,150,1499,6764,5631
6533,3130,1499,6764,5135
2337,150,3130,1499,6764,2974
2337,2165,3130,1499,6764,2974
4938,3130,1499,6764
6533,3130,1499,6764
2337,629,3130,6764,2974
6416,4790,3130,2923,1499
2337,629,3130,1499,2974
6416,629,3130,1499,6764
@dps-end:
@rep:10
@time:2.17
@trys:857545
@seed:107980007
@dps-begin:
3240,3130,4938,1499,2335
629,3240,3130,1499,2335
4785,150,4938,1499,6764
6533,3130,4938,1499,6764
4785,150,1499,6764
936,4938,1499,6764,3964
6416,4938,3130,1499,6764
936,3240,1499,3964,2335
629,6533,3130,1499,6764
2838,3240,3130,4938,1499
7064,4938,1499,2335
4785,150,1499,6764,2204
1056,3801,4938,1499,3964,2335
6416,4790,4938,3130,1499,2335
936,1499,6764,3964
4938,3130,1499,6764
3240,3130,1499,2335
6533,3130,1499,6764
6416,4938,3130,1499
6416,629,3130,1499,6764
@dps-end:
