@rep:1
@time:1.26
@trys:327980
@seed:179424673
@dps-begin:
2274,2247,4360,2184,4137,3660,4076,3472,2865,6102,4214,1306,218,1340
4360,4137,3660,6255,2193,1777,1876,1941,6102,4214,4441,218,4829
4360,2184,3660,4076,2003,4214,4663,312,5721,4441,218,2587,4829
6102,4214,2184,4137,1417,3660,2287
1793,3076,2021,2247,4360,1515,6255,1777,4214,6102,1306,218,4829
4214,6102,2247,4360,2184,4521,4137,4318
6435,3076,2021,2247,4360,2184,1515,3660,4076,6255,6102,1306,218
1793,2274,2021,5301,6102,4214,2247,4360,4137,218,3660,6031
3076,6102,2247,4360,2184,4137,218,1515,3660,4076,6255
2021,4214,6039,4360,4137,218,4829,735
1777,5669,6981,6102,4360,4441,5721,218,2202
1777,4214,6102,4375,4137,218,1306,3660,4076,365
2021,4214,2247,312,4137,4521,218,4829,4318
1793,1777,2274,5301,6102,2247,4137,218,1162,3660,6255,6031
2274,2003,2021,4663,312,5721,218,3660,4829,2287
5188,6102,4214,4295,1306,218,267,478
657,4214,6102,4360,4441,218,3070
3040,2210,4214,6102,4360,2184,218
2021,4137,5721,218,2587,3660,6255,4207
1777,4214,1306,1738,218,4829,6255
@dps-end:
@rep:2
@time:1.12
@trys:299460
@seed:125164703
@dps-begin:
6243,2021,2247,4137,1386,3821,2193,6386,6102,4214,218,5468,4829
2210,2021,4214,6102,5721,4441,218,3660,1084,4829
1152,2021,4214,3382,6102,2247,4360,1289,4441,218,5468,6255
1136,4484,6102,4214,1608,4360,4441,218,3660
1410,4214,4360,5721,4137,218,3660,4829,142
1136,2193,6102,2536,5721,218,5370,3660,5468,4829,6255
2210,2021,6102,1462,4295,218,3660,4829
5393,1185,1410,4214,4120,4441,1289,218,4829
2021,4214,6102,2247,4360,4441,1306,218,5468
2404,6102,4441,5721,218,6746,3660
4214,6102,4120,4360,4441,218,4829,909,6255,2287
2210,6243,2021,4214,6102,4441,218,2187,3821
2562,6102,4214,87,4137,1081,218,3660
5393,2021,4214,4360,5721,4441,5370,218,4829,6255
5393,1185,1410,4214,4120,1289,218,4829
1876,2021,4214,6102,4441,1306,218,4829
34,6102,4214,1081,4137,3660,4829
1777,6102,4214,2247,4360,218,4076,3660
2210,2562,5188,4214,6102,4295,4441,218,1084,4318
2193,2450,4214,6102,1462,1289,5370,218,4829,6255
@dps-end:
@rep:3
@time:1.32
@trys:342240
@seed:132011827
@dps-begin:
1185,2210,4356,3013,2247,2184,4360,1738,1515,6255,6102,4214,4441,218,4829
1217,2021,4261,4214,6102,2184,4360,4441,218,4619
2210,4214,2247,2184,4441,4137,218,1738,1515,1084,6255
4214,6102,2247,4360,4137,4441,1738,6255
291,2003,4214,6102,2887,2807,4137,1306,218,1738,1084,4829
2021,4214,6102,2247,2184,312,4137,4441,1084,6255
1777,2210,2021,6102,2184,4441,218,5983
2401,3972,2021,4214,2119,4360,4137,4441,6939,1084,6255
2021,4214,6102,312,4360,2184,4441
2210,2184,4137,909,6255,6031,5807,1777,2003,6102,4214,6584,6939
1280,2021,4214,6120,4360,4137,218,6939,1084
2193,1876,4214,6102,583,3128,4441,218,1738
2021,6102,4214,1417,4441,4137,218,1469
1620,4484,6102,4214,4360,4137,218,4829,2541,542
1217,4484,2036,6102,4214,2184,4137,2287
2021,4214,4360,4441,1306,218,1738,5402,542
4484,2021,6102,4214,2184,3673,218,2363,1084,4076,6255
2210,4214,6102,4441,4137,218,6939,4318,5983
1632,5825,6339,4214,4441,1738,218,1084,1436,4188,6031
2401,6948,213,4214,2184,4137,4441,1738,6255,2287
@dps-end:
@rep:4
@time:1.11
@trys:299460
@seed:124987441
@dps-begin:
3040,2247,4360,2184,4137,3660,3821,3374,6255,6102,4441,5721,4122,218
1217,2021,4214,6102,5782,2184,5721,4441,218,6255
1777,2021,4214,6102,2247,2184,5721,4441,218
2021,4214,6102,2184,4137,218,6255
2021,2859,3660,6255,1777,6102,87,760,4441,218,1084,5468,478
160,2036,4214,2184,393,1289,4441,218,1658,1322
3809,2021,3078,4214,4360,2184,4441,4137,6874,1084,478
2021,2184,4137,6255,6031,2096,1777,6102,2230,4441,218,1084,5983
1777,4214,6102,4360,2184,4441,218,6255,6031
2021,2184,4137,2859,3660,6448,1777,2036,6102,4214,87,4441,218,5370,1084
581,5685,6102,4214,2247,2279,4360,2184,4137,218,6255
6102,4214,2247,4120,2184,4441,218,1020
581,2021,6102,1462,4214,2247,4360,2184,2202,218
1632,4226,2247,2279,4360,2184,4137,909,3821,6255,1231,5685,4214,4441,218,478
3040,1185,2021,6102,4214,2247,4360,4441,1084,478,6255
1217,4178,6102,4214,5782,2247,2184,4441,1194,5370,1084,6255
1185,6102,4214,2184,4441,5370,218
87,760,4441,218,3660,1084,5468,6255,6031
1217,4484,2021,4214,2184,4441,218,158,6255
581,6102,4214,2247,4360,2184,218,1020,478,6255
@dps-end:
@rep:5
@time:1.15
@trys:320850
@seed:123979721
@dps-begin:
2247,4137,3660,6255,5807,1777,1462,4214,4120,218,1084,4829,6685,3231
1536,1777,4214,2247,4744,4137,218,3660,1084,1020,4829,6255
1777,2305,4214,4360,4441,4137,218,1084,3660,4829,5807,6255
2021,4214,4120,4360,2184,4137,4441,6602
4178,4468,4484,4214,6039,4120,2184,4441,1084,909,5807,6255
2210,2021,4214,2247,4137,218,2587,4829,6255
4214,2247,2184,4441,4137,5370,3660,1084,3997,6255
4214,4360,3017,218,3660,1084,4829,5807,6255
1536,4214,4360,218,1084,3660,1020,4829
2210,4214,4120,2184,4441,1081,4137,218,1084
1777,2210,3508,2021,4214,4441,1081,218,4829,4223
1777,1876,4360,5721,1081,4441,4122,3660,1084,5468
4214,2247,2184,4441,4137,3660,4877,2287
1777,2404,4214,4441,218,3660,6255,5807
1536,1777,4214,2247,4744,4441,218,1084,1020,4829,6255
417,5301,4214,2247,4680,4137,4441,2202,218,3660,5983,6255
4214,2247,2184,4137,4441,3131,1084,6255
4214,1462,4262,2247,4441,218,1084,3660,6255
4214,312,4441,3017,4137,218,1084,5807,6255,5983
1152,1777,5188,2021,4214,4360,4829,5807
@dps-end:
@rep:6
@time:1.05
@trys:292330
@seed:119777719
@dps-begin:
4214,2247,4360,2184,4137,4441,1084,399,6255,5807
4546,4214,2184,4360,4137,4441,1084,3821,6255,5807
6102,4214,2247,4360,2184,4137,5721,218,4619,399
1217,1777,2210,4214,6102,2247,4360,4137,4829,6255
864,4498,4214,6102,5782,4360,2184,5721,4441
4214,2247,4137,5721,4441,218,5402,4829,6255
6816,4214,2247,4360,6744,4137,1084,4829,6255
5188,1876,5094,6102,4214,4137,4441,1084,6255
2450,4214,6102,4360,6744,4137,4441,2202,5807
708,4214,2184,4360,4137,1084,478
2193,2404,4214,6102,4441,218,6255
1217,3076,6102,2184,4137,2506,218,1020,4829
6102,4214,5752,4360,4137,1386,1020,3054,6255
1777,6102,2184,4360,4441,6255,6047
864,6102,4214,2184,4137,1084,4188,6031,6047,6255
4214,4360,4137,1084,4829,6255
6816,4214,2247,393,4137,218,4829,6255
4214,2247,2184,4137,5721,4441,218,3997,6255
1185,657,1876,4214,2247,1319,4137,1037,4829,6255
1298,6102,4214,2247,4441,218
@dps-end:
@rep:7
@time:1.11
@trys:320850
@seed:117705823
@dps-begin:
2210,4133,4214,6102,2247,4360,4137,3017,3660,4829,5295
1777,4214,6102,4360,4441,2073,4442,1084,3660,4829,6255
1185,2003,6102,4214,4360,4441,4137,5370,1020,3660
2021,6102,4214,2247,2184,4137,1306,2587,1084,4318,6255
4214,6102,1462,2184,4441,4137,2287,6255
2193,4214,6102,4360,2184,4137,5370,3660
2193,6102,4214,4137,1306,3660,2287,6255,5983
2003,4214,6102,4360,3660,4076,4829,6255
2003,4133,4214,6102,1462,2184,4360,3161,1306,6255
2021,6102,4214,2247,4137,5370,2587,1084,6255,2287
657,2193,4214,6102,2247,4360,4137,3017,3660,5295
4214,6102,4360,4441,4137,170,3660,909
6102,4360,4137,1306,218,3660,2287,6255
4214,6102,4360,4137,2763,3660,3821
657,2562,4214,6102,4360,218,1306,3660,5983,6255
4178,6450,4214,6102,4360,4441,5721,5370,3660,6255
4214,4360,5721,1289,4137,6939,6255
2003,6102,4214,2184,4137,1084,6255
2193,6102,2184,4360,4137,1306,5370,2202,3660,6255
2021,4214,6102,3382,3415,4360,312,4441,3322,4829
@dps-end:
@rep:8
@time:0.99
@trys:278070
@seed:112131119
@dps-begin:
1632,1185,2003,6102,4214,4360,5721,4137,1289,3660,4829,6255
160,1777,4178,2755,2021,6102,4214,2184,4137,218,5547,4829
1251,2003,4214,4360,4137,1289,1084,4829,6255
2210,4214,4360,1289,4441,1084
4214,2807,4441,3161,218,6939,4829,6255
2230,4214,2728,4137,1738,218,4829,6255
2865,6102,4214,4360,4441,3660,1084,6255
1777,2193,2003,4214,4137,1289,218,4619,172,4829
2003,2021,4214,4360,5721,4137,4829
5921,1777,6102,6599,4360,4137,1738,2587,4188,4829
2193,4214,4441,5721,1289,1162,1386,1084,1436,6255
2003,1875,4214,6102,1289,4137,218,3067,1084,2287
2003,4214,4360,1289,572,1084,3660,6255
2003,4214,6102,1289,4137,572,3660,4604,6255
657,1714,4214,2230,6102,4137,3660,4829,6255
4214,4137,1738,218,3067,4829,6255
4214,1319,1289,4137,1386,218,6255
2003,1876,4214,4137,1289,4829,6255
2003,4214,4360,4137,5001,1289,6255
1777,2021,6102,4214,218,3835,6939,1084,4829
@dps-end:
@rep:9
@time:1.1
@trys:299460
@seed:108626351
@dps-begin:
3520,5669,1462,4214,6102,2247,2184,4360,4441,1306,1469
2247,2119,2184,4360,4137,3821,4142,4214,6102,4441,218,1243,1084
1152,5091,5669,4214,6102,4360,2184,4441,4137,6031
3520,5669,4214,6102,2247,2184,4360,1306,1084,6255,6031
6102,4214,4360,2184,4137,1306,5370
4214,6102,2247,2184,4360,4137,218,1084,332,5468,6255
6102,1414,4214,4137,5721,4441,218,3660,1084,2126
5685,4214,6102,2119,2247,2184,4137,4409,3660,3821,6255
2048,6339,2247,2184,4137,3660,6255,1777,4214,6102,4441,1306,2202
3382,6102,4214,4360,2184,4120,4137
5685,5782,4214,2119,4360,2184,4441,4137,4588
1536,2017,2210,6102,4214,5590,4360,4441,1322,3660
3971,5188,4214,6102,4441,218,4829
369,2003,5236,4214,6102,2247,2184,4360,4441,4137,5468,478
6102,4214,2247,2184,4137,478,2126,6255
5685,4214,6102,4360,4137,3660,909
1777,4214,2247,4360,4441,1243,1084,158,4847
5188,4214,1462,4441,1162,1084,2126
2193,2450,4214,1414,6102,4360,4441,4137
4214,6102,4360,2184
@dps-end:
@rep:10
@time:1.31
@trys:335110
@seed:107980007
@dps-begin:
160,1152,2021,4295,4137,876,6575,6255,2003,2804,4214,7031,5370,218,6939,4829,2495
1185,4214,6102,2184,4360,4137,3660,4829,158,6255
2753,4228,1414,4295,4360,3148,2193,2003,4214,3161,218,6939,4829
2021,1414,2663,4360,4210,2003,1972,2804,4214,6102,1462,4441,6939,4188,572
160,2021,1414,2184,876,6386,2003,2804,4214,4441,5370,218,6939,4188
6386,2003,4214,1462,4295,4360,218,4188,3660,4829
4256,2003,3076,6102,4137,218,1084,3660,4188,4829,158,4318
1414,2119,4360,3660,2318,2193,2003,3382,4214,6102,572,4829,4223
2003,4484,4214,6102,2119,2184,4360,4137,218,3067,3660,4318
2753,3076,4214,6102,4360,2184,4441,4137,6255
160,2003,4214,6102,1174,4360,4441,2475,4829,6255
3425,2021,4360,2184,4877,5805,528,2003,1972,2804,4214,4441,6939
1185,2003,2021,4214,4360,6939,876,4829,6255
5393,6386,2003,3076,4214,5302,1462,4360,3660,4188,4829
2529,6102,4214,4295,218,3067,876,4829,6255
6102,4214,2184,4360,4441
3425,6102,4441,4137,218,1084,3660,6255
3425,4214,5302,6102,1414,4441,4137,5370,4619,1084,3660,6255
2804,6102,4214,2119,4137,218,3660,158,2990,6255
1152,4214,6102,2663,4360,3660,4829,6255
@dps-end:
