@rep:1
@time:0.95
@trys:294711
@seed:179424673
@dps-begin:
2465,6964,5432,4952,2585,3161
502,2423,1308
2500,3029,6150,5432,6749
4981
455,3177
1651,5133
4432,4774,5432
144,2982
3320,6649
5603,309,3638,3371
691,4247,2394,5149
2418,2676,6839
5143,5565,2686
2336,651,5821
609,3638,4376
2928,5332
3920,3161
2288,1651
6553,5292,6206
4226,3332,326,4169
@dps-end:
@rep:2
@time:0.851
@trys:265936
@seed:125164703
@dps-begin:
2336,3682,6964,4952,3161,6527
4952,6527
4226,6659
852,3177
672,3320
2465,5332,2423,4731
3177,5213
1799,1607,4344
1154,4966,1799
1939,1987,2423,1657
2336,2695,5149
1911,5404
2385,6199,3371,3342
5493,1046
2336,4315,1182
4880,2336,1539,1799,4679
3104,5912
5056,3025,1142
6839
354,3709
@dps-end:
@rep:3
@time:0.84
@trys:273466
@seed:132011827
@dps-begin:
496,2465,6964,2585,5420,6527
3320
6257,2585
1636,4981
6150,3177
4226,638
3104,691,1034,5149
3177,1550
6210,4322,5332,645
3216,7051,5292
3284,1799,3754,5711
6839,5388
945,6488,3097
6596,299,5133
4337,994,3093,5415
6839
5874,5133
6210,6982,6206
5714,1651
3731,3687,4830
@dps-end:
@rep:4
@time:1.21
@trys:359166
@seed:124987441
@dps-begin:
2465,4482,6964,3161,2585,6043
3320
4981
3177,1931
2423,188
1440,3161
4226,6212
450,5122,3574,7051
4864,5332,6964,4439
1329,6839,2125
4264,5149
4856,3161,3709
4679,2295,1549
4008,3097,4461,2446
3265,4098,2104
6275,1939,4998
3920,500
4337,374
6257,6306,4979,3255
376,3964,4766,6527
@dps-end:
@rep:5
@time:0.83
@trys:266031
@seed:123979721
@dps-begin:
5169,4482,6964,4952,2585,6527
3320
5665,6212
3255,6839,1150
3403,4203
997,4981
6210,2295,6330
1939,1556,2390,5166
1142,1256
1440,2295
6914,5415,1799
3709,2446
7051,460,4909
1673,6206
1799,3964
326,651,2446
6839
2439,2445
5761,3539,1572
2784,4966
@dps-end:
@rep:6
@time:0.82
@trys:266095
@seed:119777719
@dps-begin:
2465,4482,6964,4952,2585,6527
1961,2585
4226
2306,3320
1651,2172,2990
373,4981,6527
5493,3161
3714,6964,6212,4952,3097
4098,1607,2295
178,1939,5332
1799,6248
6527
1651,4966
3029,5176,856,5386
4649,3180
178,4517,2409
2738,1577
4192,354,2982,6043
1142,2856
6964,6746,5149
@dps-end:
@rep:7
@time:0.88
@trys:280608
@seed:117705823
@dps-begin:
5169,5603,6964,4952,3161,2445,6527
403,4981
3168,3177
3320,200
1440,500,3342
6596,6839
2423,3371
6506,5149
2423,1549
3216,1577
2114,7051
6720,2610,5133
3808,3177
4688,6947,6980
1799,3964
1240,5912
6129,5656,5133
5874
3161,5788
1728,4510
@dps-end:
@rep:8
@time:0.89
@trys:273657
@seed:112131119
@dps-begin:
2465,4482,1939,6964,3161,6043
1186,5603,6100,4204
6528,3177
1651,5133
4226,3941
4981,239
691,5332,4186
4774,5655
6980,1607
4337,4068,5149
1440,6212,6596,1911
5700,4022,3430,1799,3161
6964,500,5590
6212,5030,4937,4459
5700,5736,5133
4005,4966
6980,1943,3978,171
1920,2646,2409
5109,1686,4119,4712,4348
1440,4068,3638
@dps-end:
@rep:9
@time:0.92
@trys:287615
@seed:108626351
@dps-begin:
385,6964,4952,2585,2445,6527
3320
3093,4247
5603,3177
3638,1799
6994,1651,4467,1807
1440,1170,6980,1996
4226,2315
4482,2295,7051
3735,1048,6344
1154,4981,4869
6839,4909
609,4981,4022,3097
6210,1577,3756
6210,5332
6210,1607,3608,4731
5292,3292
2001,5493,5660
3216,2169,5133,6669
3506,7066
@dps-end:
@rep:10
@time:0.87
@trys:280447
@seed:107980007
@dps-begin:
385,6964,2585,5420,6527
3906,6964
4803,3320
3177,4315
2560,4981,3705
2585,5133
5056,1911
6839,4315
3177
6257,1607
1154,5332,5565
661,4247,1577,4203
1745,3161,3658
1440,5166
1651,6212
2710,1799,5149
2295,3097
3956,6031
1799,3369,2733
2581,3718,455
@dps-end:
