@rep:1
@time:2.941
@trys:1092999
@seed:179424673
@dps-begin:
9570,6326,9976,2665,8415,2095
978,9570,2579,6326,9976,2665,8415
97,9570,7828,9976,2665,4042,8415
9570,7828,6326,9976,2665,8415
9570,6326,9976,8415,2095
9570,9976,2665,2095,8415
6326,9976,2665,2095,8415
214,6326,9368,8415
97,978,2579,2665,4042
8609,978,9570,2579,6326,2665
978,2579,6326,2665,8415
9570,2579,6326,9976,2665,8415
978,2579,9976,2665,8415
978,9570,6326,9976,2665,8415
8609,9570,978,2579,2665,8415
8609,9570,2579,6326,2665,8415
978,7828,6326,9976,2665,8415
9570,2579,6326,214,2665,8415
978,9570,7828,9976,2665,8415
9570,978,2579,214,6326,8415
@dps-end:
@rep:2
@time:2.08
@trys:840087
@seed:125164703
@dps-begin:
8609,9570,2579,6326,2665,8171,8415
6326,9368,8171,8415
8609,9570,1059,2579,2665,8171
8609,9570,2579,7031,2174,8415
8609,2579,6326,2665,8171,8415
8609,6326,9368,8171
8609,9570,2579,1059,6326
9570,2579,1059,8171,8415
8609,9570,7031,2665,2174,8415
9570,2579,7031,2665,8171,2174,8415
9570,6326,2665,7689,9675,8415
8609,9570,2579,6326,8415
8609,9570,2579,2665,8171,8415
8609,9570,2579,6326,2665,8171
6326,9368,6537
8609,6326,9368,7822
8609,1059,2579,8006
8609,9368,2665,7007
2579,5701,2665,7199
7031,9368,2665,2174
@dps-end:
@rep:3
@time:2.91
@trys:1093588
@seed:132011827
@dps-begin:
8609,978,9570,2579,6326,2665,8415
9570,2579,214,6326,2665,7819,8415
9570,978,2579,9976,2665,8415
978,2579,6326,9976,2665,8415
9570,978,2579,6326,2665,8415
8609,978,9570,2579,6326,8415
9570,6326,9976,2665,9548,8415
978,1059,2579,21,2665
97,978,2579,2665,7819,9548
8609,9570,978,6962,2579,6326,9548
9570,2579,7031,9976,9548,2174
978,9976,9368,2665,8415
9570,978,2579,6326,2665,7819
9570,6326,9976,2665,8415
978,2579,1059,2665
8609,6962,978,9570,2579,6326,7819
97,978,9570,2579,4679,9976
6065,97,2665,7819,9548
8609,2579,7031,9976,9548,2174
978,9368,2665,9515,9548
@dps-end:
@rep:4
@time:3.32
@trys:1234558
@seed:124987441
@dps-begin:
8609,9570,978,2579,6326,2665,8415
9570,6326,9976,2665,9548,8415
6326,214,9368,8415
9570,2579,1059,214,2665,8415
10069,6326,2665,7114,4204,9548
8609,9570,2579,7031,9548,2174
8609,2579,6326,214,2665,8415
8609,9570,2579,6326,2665,8415
9570,2579,6326,214,2665,8415
8609,9570,2579,214,6326,8415
8609,9570,2579,214,6326,2665,9548
8609,9570,2579,9976,2665,8415
8609,9570,978,2579,6326,2665
978,2579,9976,2665,8415
978,2579,6326,2665,8415
8609,978,9570,2579,6326,9548
9570,2579,6326,9976,2665,8415
978,2579,6326,9976,2665,9548
9570,978,2579,6326,214,8415
8609,978,9570,2579,2665,9548,8415
@dps-end:
@rep:5
@time:2.15
@trys:820247
@seed:123979721
@dps-begin:
9570,6326,9976,2665,2095,8415
8609,9570,978,2579,6326,2665,8415
9570,6326,9976,2665,2603,8415,2095
6326,214,9368,8415
8609,97,978,2579,6326,2665,8415
8609,978,9570,1059,2579,6326,2665
8609,978,9570,2579,2665,8415
978,2579,6326,2665,8415
8609,978,6326,2665,8415,2095
8609,978,9570,2579,6326,2665
8609,9570,978,6326,2095,8415
978,2579,9976,2665,8415
8609,9570,2579,6326,2665,8415
9570,2579,214,6326,2665,8415
978,9570,6326,2665,2095,8415
8609,2579,6326,214,2665,8415
97,9976,2665,2095,8415
8609,9570,9976,2665,8415,2095
97,9570,6326,9976,2095,8415
9570,978,2579,214,6326,8415
@dps-end:
@rep:6
@time:2.16
@trys:799918
@seed:119777719
@dps-begin:
9570,6326,9976,2665,8415,2095
8609,978,9570,2579,6326,2665,8415
8609,9570,2579,6326,2665,8171,8415
8609,9570,978,2579,7828,6326,9976,8415
9570,6326,9976,2665,9548,8415
9570,9976,2665,8415,2095
8609,97,978,2579,2665,9548
6326,9368,8171,8415
978,2579,6326,2665,8415
978,2579,9976,2665,8415
8609,978,2579,6326,2665,9548
8609,978,6326,2665,2095,8415
978,9570,2579,6326,9976,2665
978,7828,6326,9976,2665,8415
6326,9976,2665,7353,8415
97,7828,2665,9548,2095,8415
9570,978,6326,2665,2095,8415
8609,978,9570,2579,2665,8415,2095
8609,978,9570,7828,9976,2665,8415
978,9570,2579,6326,2665,9548
@dps-end:
@rep:7
@time:1.78
@trys:708973
@seed:117705823
@dps-begin:
8609,978,9570,2579,6326,2665,8415
9570,978,2579,6326,2665,8415
6326,9368,8171,8415
8609,6962,978,9570,2579,6326,8415
97,978,2579,2665,4042
8609,978,2579,1059,2665,2009
8609,978,9570,2579,6326,2665
8609,9570,978,2579,2665,8415
8609,9570,2579,6326,2665,8415
8609,2579,6326,2665,8171,8415
8609,978,2579,6326,8171,8413,8415
8609,978,2579,6326,2665,9548
8609,978,9570,6326,8413,8415
8609,9570,2579,6326,8171,8415
8609,978,9570,2579,6326,9548
6065,97,8609,2579,2665
97,8609,2579,2665,8415
8609,9570,978,2579,2174,8415
9570,978,1059,2579,6326
8609,9570,2579,6326,7031,2174
@dps-end:
@rep:8
@time:2.09
@trys:789891
@seed:112131119
@dps-begin:
9570,6326,9976,2665,8415,2095
8609,978,9570,2579,6326,2665,8415
9570,5876,6326,9976,2665,7353,8415
8609,978,9570,6326,2665,8171,8415,2095
8609,9570,978,2579,6326,8415
978,9570,2579,6326,2665,8415
9570,5876,6326,9976,7353,8415
9570,5876,9976,2665,7353,8415,2095
6326,9976,2665,2095,8415
6326,9368,8171,8415
97,8609,978,2579,2665,8171,8415
8609,9570,1059,2579,6326,2665,8171
97,5876,7353,2665,8415
8609,9570,2579,6326,2665,8415
8609,978,9570,2579,6326,2665
8609,9570,978,2579,2665,8415
978,2579,9976,2665,8415
978,9570,6326,9976,2665,8415
9570,2579,214,9976,2665,8171,8415
5876,6326,2665,7353,8415
@dps-end:
@rep:9
@time:2.77
@trys:1002161
@seed:108626351
@dps-begin:
9570,6326,9976,2665,8415,2095
9570,978,2579,6326,9976,2665,8415
9570,6326,9976,7880,2665,8415,2095
9570,21,6326,9976,2665,8415,2095
9570,6326,9976,2665,4588,2095,8415
9570,6326,9976,2665,2603,2095,8415
214,6326,9368,8415
9570,1059,2579,214,2665,8415
9570,9976,9867,8171,8317,8415
9570,2579,7031,9976,2174,8415
8609,9570,2579,6326,2665,8415
8609,9570,2579,9976,2665,8415
8609,9570,214,6326,2665,8415,2095
8609,9570,6326,9976,2095,8415
9570,2579,6326,214,2665,8415
9570,2579,6326,9976,2665,8415
97,6326,9976,2665,8415,2095
8609,978,9570,597,6326,214,9976,2665,2095
8609,6326,9976,2665,2095,8415
8609,978,6326,2665,8171,2095,8415
@dps-end:
@rep:10
@time:1.92
@trys:759638
@seed:107980007
@dps-begin:
8609,978,9570,2579,6326,2665,8415
9570,6326,2665,9548,8415,2095
6326,214,9368,8415
8609,978,2579,6326,2665,6780,8415
8609,97,978,2579,2665,9548
6326,9675,9548,6780,8415,2095
9570,978,6326,214,2665,9548,2095
8609,2579,214,6326,2665,8415
8609,9570,978,2579,6326,2665
8609,9570,2579,6326,8413,8415
978,6326,2665,8413,8415,2095
8609,978,9570,2579,214,2665,8415
978,9570,6326,2665,2095,8415
8609,9570,2579,6326,214,8415
8609,978,6326,8413,2095,8415
8609,978,9570,2579,6326,9548
8609,978,2579,6326,2665,9548
9570,2579,6326,214,2665,8415,2095
8609,9570,2579,214,6326,9548,8413
8609,978,6326,2665,8415,2095
@dps-end:
