@rep:1
@time:12.996
@trys:2050128
@seed:179424673
@dps-begin:
19696,6257,8771,2148,8438,3256,3835,2060,19901,6142,7823
18368,8771,4775,2060,7823,19696,6257,5302,9014,8438,3256,3835,5340,4636
2148,4775,12233,2060,7823,19696,1842,9014,8438,5302,4825,3835,6142
18368,1842,2148,8438,5302,9014,3835,2060,7823
19696,8080,18368,2352,6257,1842,8438,5302,4775,4825,2060,6142
18368,8771,2060,7823,8080,19696,1842,9014,8438,3256,4825,17625,3835,19901
18368,2148,4775,5804,2060,7823,19696,1842,5778,5302,8438,3835,6142
18368,8771,4775,2060,7823,6257,8438,5302,9014,3256,17625,3835,20732,4636
18368,2148,12233,2060,5804,7823,2352,8080,6257,9014,8438,5302,3835,13403,19901
2148,4775,5804,2060,7823,8080,6257,1842,8438,9014,3256,17625,4825,3835,4636,5340,19901
19696,8080,8771,2148,8438,9014,4775,3835,2060,7823
2352,19696,6257,8438,4775,3256,4825,12233,2060,7823
19696,8771,8438,9014,3835,5804,2060,5340,4636,19901
18368,4775,7943,12233,2060,7823,19696,6257,8438,9014,5302,4825,19901
1842,2148,9014,8438,5302,3835,2060,7823
19696,1842,8771,2148,9014,8438,5302,4775,4825,17625,3835,7823
19696,1842,2148,8438,5302,4775,12233,3835,2060,4636
18368,19696,8771,2148,5302,8438,3256,3835,5340,2060
18368,8771,12233,2060,7823,2352,19696,1842,8438,9014,17625,4825,3835,6142
18368,19696,8080,1842,9014,5302,8438,5804,4636,2060,7823
@dps-end:
@rep:2
@time:9.085
@trys:1559880
@seed:125164703
@dps-begin:
18368,1842,19908,9014,8438,5302,3835,5804,2060,3679,7823
8771,19908,9014,8438,4775,4825,2060,19901,7823,3679
8080,9014,8438,5302,4775,4825,12233,13388,2060,3679,7823
18368,19908,2148,4775,13388,2060,7823,9014,8438,5302,4825,3835,3679
1841,8771,12229,9014,8438,4825,13388,2060,19901,3679,7823
2352,18368,2148,19908,8438,5302,4775,12233,2060,5804,7823,3679
18368,8771,2148,8438,5302,4775,12233,3835,13388,2060,3679
18368,8771,19908,2148,5302,8438,4775,4825,2060,7823,3679
8080,18368,8771,9014,8438,5302,4775,3835,2060,4636,7823
18368,8771,5302,8438,9014,3835,2060,4636,20732,7823
8771,9014,8438,4775,4825,2060,3679,7823
1841,8771,8438,4775,4825,12233,2060,3679,7823
8080,8771,8438,9014,4775,4825,16233,2060,3679,7823
8080,18368,8771,9014,8438,4825,2060,13388,7823,3679
2352,1841,2148,9014,18600,4825,5804,2060,19901,11261,3679,7823
18368,8771,19908,9014,5302,4775,3835,2060,7823,3679
1841,19908,9014,8438,3835,2060,4636,19901,3679
16432,1841,8771,19908,9014,8438,3835,5804,13388,2060,7823,3679
18368,1841,8771,18600,12233,4825,3835,4636,2060,19901,3679,7823
18368,8771,4775,2060,7823,8080,16432,1842,8438,5302,4825,20732,19901
@dps-end:
@rep:3
@time:8.551
@trys:1671300
@seed:132011827
@dps-begin:
8771,4775,9897,2060,13388,7823,8080,6257,8438,9014,4825,4636,11261,3679
8080,6257,9014,8438,4775,4825,2060,7823,3679
8080,1842,8438,9014,4775,4825,9897,2060,4636,3679,7823
8771,4775,9897,13388,2060,7823,8080,6257,1842,9014,8438,4636,3679
8080,10785,6257,8771,9014,8438,4825,19769,13388,2060,3679,7823
6257,1842,9014,8438,4825,16233,13388,2060,3679,7823
8080,18368,6257,8771,9014,8438,4775,4825,13388,2060,3679,7823
6257,8771,9014,8438,4825,7178,2060,13388,11261,7823,3679
6257,1842,9014,8438,4775,4825,11882,2060,7823,3679
6257,8771,8438,9014,4775,4825,2060,7823,3679,16495
1842,9014,8438,4775,4825,2060,7823,3679
1841,1842,9014,8438,4825,2060,11261,7823,3679
1842,8771,8438,9014,4775,12233,4825,2060,7820,7823,3679
1842,2148,9014,8438,4825,13388,2060,9692,7823,3679
6257,1842,8771,9014,8438,4825,19769,2060,13388,3679
8771,2148,4775,13388,2060,7823,2352,6257,1842,8438,9014,20732,3679
2148,8438,4775,3256,4825,12233,7178,2060,13388,7823,3679
1842,8438,9014,4775,4825,2060,13388,3679,7823,16495
6257,1842,8438,4775,4825,12233,6250,13388,2060,7823,3679
6257,1842,8438,9014,4775,4825,2060,7823
@dps-end:
@rep:4
@time:8.21
@trys:1537596
@seed:124987441
@dps-begin:
8771,4775,12233,2060,7823,6257,1842,8438,9014,1751,4825,3835,10235,3679
18368,8771,12233,5067,2060,7823,6257,9010,8438,9014,3835,10235,3679
6257,8771,9014,8438,4775,4825,2060,3679,7823
8771,8438,9014,4825,10235,2060,4636,13388,7823,3679
6257,1842,2148,9014,8438,10235,2060,11261,7823,3679
2148,4775,2060,7823,8080,6257,1842,8438,4825,10235,3835,11261,3679
1841,8771,9014,8438,4825,2060,5804,13388,7823,14047,3679
18368,8771,2148,2060,13388,5804,7823,8080,6257,9014,8438,4825,3835,11261,3679
18368,2148,4775,12233,13388,2060,2352,6257,8438,3835,10235,4636,5340,11261,3679
18368,2148,12233,2060,7823,1842,8438,9014,17625,4825,3835,10235,3679
18368,8771,2148,12233,2060,13388,5804,7823,8080,6257,9010,8438,4825,10235,11261,3679
8080,6257,9014,8438,4775,4825,3835,2060,11261,7823,3679,16495
18368,1841,2148,8438,4775,1751,4825,12233,2060,3679,14047,7823
8080,6257,9014,8438,4825,2060,11261,3679
8080,6257,1842,8438,9014,5067,2060,11261,7823,3679
8080,1842,2148,8438,9014,4825,2060,11261,3679,7823
8080,6257,1842,2148,8438,4775,4825,2060,7823,3679
8080,2352,6257,8771,2148,8438,9014,4825,2060,3679,7823
2148,4775,13388,2060,7823,6257,9010,8438,9014,4825,17625,4636,3679
6257,8771,2148,8438,9014,4825,12233,10235,2060,13388,11261,3679
@dps-end:
@rep:5
@time:11.54
@trys:2027844
@seed:123979721
@dps-begin:
19696,6257,8771,8438,9014,4775,9897,4825,2060,3679,7823
18368,4775,2060,7823,2352,6257,1842,9014,5302,8438,4825,17625,6142,3679
8771,2148,4775,2060,7823,19696,9010,1842,9014,8438,4636,5340,19901,6142
19696,6257,9010,8771,9014,8438,4775,4825,4636,2060,11261,7823
19696,6257,8438,9014,4775,9897,4825,2060,4636,19901,11261,8814
2060,13388,14029,7823,19696,1842,8438,9014,1751,17625,4825,19901,11261
19696,8771,9014,8438,5302,4825,2060,13388,11261,7823
2352,1841,2148,8438,4775,2060,11261,6142,7823,14047,3679
18368,8771,2060,7823,19696,8438,9014,3256,4825,4636,11261,19901,6142,3679
18368,8771,2148,2060,13388,5804,8814,19696,2352,6257,5302,8438,3256,11261,19901,6142
18368,8771,4775,16776,5804,2060,13388,7823,19696,6257,1842,8438,1751,4825,5340,19901,6142,3679
8771,8438,9014,4775,4825,2060,7823,3679
2352,1842,2148,8438,9014,17625,9897,13388,2060,4636,7823,3679
18368,8771,2060,13388,7823,19696,1841,6257,9014,8438,5302,4825,5213,14047
8771,9014,8438,5302,4775,4825,4636,2060,13388,7823
1841,1842,8438,4775,18600,9897,4825,2060,5340,3679,7823
2148,16776,2060,13388,7823,2352,9010,1842,8438,9014,1751,17625,4825,3679
18368,8771,9897,5804,7823,2352,1842,9014,8438,5302,4825,5340,11261
18368,8771,9897,13388,5804,2060,7823,2352,19696,6257,1842,8438,3256,5340,6142
18368,9010,1842,8771,8438,5302,4775,4636,2060,7823,3679
@dps-end:
@rep:6
@time:10.681
@trys:2027844
@seed:119777719
@dps-begin:
8080,6257,8771,8438,9014,9897,4825,2060,11261,7823,3679,13711
18368,4775,12233,2060,7823,8080,1842,8438,9014,5302,3835,4636,3679
8080,8771,9014,8438,4825,3835,2060,19901,7823,3679
6257,8771,8438,9014,4775,4825,12233,2060,13388,3679,7823
19696,8771,8438,5302,9014,4825,3835,2060,5804,7823
8771,4775,2060,7823,2352,8080,6257,9014,8438,4825,20732,4636,3679
1841,8438,9014,4775,12233,3835,2060,4636,19901,7823,3679
8080,18368,19696,8771,5302,8438,4775,4825,2060,7823
18368,19696,6257,1842,8438,9014,4825,3835,5804,2060,19901,3679
18368,19696,2352,8080,9014,5302,8438,4825,2060,5804,7823
18368,8771,8438,9014,3835,5067,2060,19901,7823,3679
18368,12233,9897,2060,13388,7823,8080,6257,1842,5302,9014,8438,4825
18368,16776,2060,5804,7823,19696,2352,1842,9014,8438,5302,4825,3835,4636
8771,9014,8438,4775,4825,12233,2060,7823,3679
8080,1842,9014,8438,5302,4825,3835,2060,7823
6257,1842,8771,9014,8438,4775,4825,2060,20732,7823
8080,1841,9014,8438,4775,12233,4825,2060,3679,7823
6257,5778,8771,9014,8438,4825,2060,4636,11261,7823
19696,8771,8438,9014,4775,4825,4636,13388,20732,2060,7823
8080,8771,8438,9014,4775,16776,12233,3835,4636,2060,7823,3679
@dps-end:
@rep:7
@time:7.941
@trys:1537596
@seed:117705823
@dps-begin:
19696,6257,8771,9014,8438,10235,3835,4636,13388,2060,11261,7823
8771,2148,4775,13388,2060,8781,7823,19696,2352,6257,9014,8438,3835
8080,19696,1842,9014,8438,10235,3835,4636,2060,8781,11261,7823
8080,19696,6257,8438,4775,4825,10235,13388,2060,4636,7823
8771,2148,2060,8781,7823,2352,19696,6257,7861,9014,8438,1751,11261
8080,19696,8771,9014,5302,8438,1751,4775,2060,4636,8781,7823
2352,19696,1841,6257,2148,9014,8438,4775,4825,10235,2060,7823
4775,16135,2060,5804,7823,19696,6257,1842,9014,8438,4825,20732,11261
19696,1842,8771,9014,8438,4775,4825,3835,2060,11261,7823
19696,6257,10659,8438,9014,4775,3835,4636,2060,7823
19696,8080,6257,1842,8438,9014,4825,3835,2060,5804,11261,8781
8080,19696,2148,8438,9014,1751,10235,2060,13388,7823
19696,1842,10659,8438,9014,3835,10235,2060,4636,5804
19696,2352,6257,2148,8438,9014,4775,10235,4636,2060,7823
19696,2352,6257,8438,9014,1751,4825,10235,4636,2060,11261,7823
2148,5804,13388,2060,7823,6257,1842,9014,8438,1751,4825,10235,3835
8771,10659,2148,2060,8080,19696,6257,1842,9014,8438,1751,4825,10235,4636
19696,6257,1842,8771,9014,8438,4825,10235,3835,5804,7823
8771,4775,13388,2060,8781,7823,8080,1842,9014,8438,5302,4825,3835
8080,8771,9014,8438,1751,16135,4825,20732,2060,11261,7823
@dps-end:
@rep:8
@time:7.07
@trys:1426176
@seed:112131119
@dps-begin:
8771,2148,4775,13388,2060,7823,19696,6257,1842,9014,8438,4825,19901
19696,6257,8438,9014,4775,4825,12233,2060,4636,13388,7823
19696,6257,1842,8771,2148,8438,4775,12233,4825,2060,7823,16495
19696,1842,8438,9014,4825,13388,2060,7823
19696,8080,6257,8438,9014,4825,2060,7823
8080,6257,1842,2148,8438,4775,4825,12233,2060,19901,7823
19696,6257,9014,8438,12233,2060,4636,11261,7823
19696,8771,2148,8438,9014,4775,2060,13388,19901,7823
8080,19696,1841,1842,8771,9014,8438,4775,4825,13388,2060,7823
8080,6257,8771,8438,4775,4825,12233,2060,4636,7823
1842,8771,2148,8438,9014,4775,4825,12233,2060,19901,4414,7823
8080,19696,1842,8771,9014,8438,4825,4636,2060,7823
8080,19696,1842,8771,8438,9014,4775,4825,2060
8080,19696,1842,8771,8438,4775,4825,2060,4636,7823
19696,6257,1842,8438,9014,4775,4825,2060
19696,8438,4775,4825,2060,13388,4636,19901,7823
8080,19696,2148,8438,9014,4825,2060,19901,7823
8080,19696,1841,1842,8771,8438,9014,4825,2060,7823
8080,6257,8771,9014,8438,4825,7178,2060,4636,13388,7823
8080,19696,1842,8771,8438,4775,4825,2060,7823,14047
@dps-end:
@rep:9
@time:10.441
@trys:1960992
@seed:108626351
@dps-begin:
8080,19696,6257,1842,9014,8438,4825,2060,5804,19901,11261,7823
8080,19696,6257,1842,9014,8438,4775,4825,2060,7823
19696,1842,8438,9014,4775,4825,2060,19901,7823
8771,4775,2060,7823,19696,8080,1841,1842,8438,9014,4825,11261,14047
1842,8771,9014,8438,5302,4775,4825,2060,5804,11261,3679,7823
16241,6257,1842,9014,8438,4775,4825,2060,5804,3679,16495,7823
19696,8771,8438,9014,4775,4825,2060,4636,7823
8080,16241,1842,8771,8438,9014,4775,4825,2060,19901,7823
19696,8080,2148,8438,9014,4775,4825,10235,2060,4636,11261,7823
19696,8080,8771,9014,8438,4825,2060,19901,7823
19696,8080,8771,2148,8438,4825,12233,2060,19901,11261,7823
6257,1842,2148,9014,8438,4775,4825,2060,5804,19901,7823
8080,19696,1841,8438,9014,4775,4825,2060,7823
1842,2148,8438,9014,5302,4825,12233,2060,11261,7823
8771,8438,5302,9014,4775,12233,2060,4636,11261,7823,3679
19696,8080,8771,9014,8438,4775,4825,2060,4636,7823,16495
19696,6257,1842,8771,2148,8438,4775,12233,2060,11261,16495,7823
8080,19696,6257,8438,4775,4825,20732,2060,11261,3679,16495,7823
8080,6257,1842,8438,9014,4775,4825,10235,5804,2060,16495,3679
8080,16241,6257,8438,9014,4775,4825,12233,2060,19901,16495,7823
@dps-end:
@rep:10
@time:9.391
@trys:1760436
@seed:107980007
@dps-begin:
8771,2148,4775,13388,2060,7823,19696,6257,9014,8438,4825,10235,4636
8771,2148,12233,2060,13388,7823,19696,9014,8438,3256,4825,10235,4636
19696,2352,6257,8438,4775,12233,4825,13388,2060,7823
19696,1841,2148,9014,8438,3256,4825,10235,2060,11261,7823
2352,19696,8438,5302,9014,4825,12233,2060,13388,4636,7823
19696,8737,8771,2148,9014,8438,4825,2060,13388,7823
19696,6257,8737,2148,8438,4775,4825,10235,2060,13711,7823
8737,8771,4775,2060,13388,13711,7823,19696,6257,8438,3256,10235,4636,11261
12233,2060,13711,7823,6257,1842,8438,9014,4825,10235,5340,11261,4414
19696,6257,2148,8438,3256,12233,9897,2060,13388,11261,7823
8080,19696,1841,8737,8771,2148,9014,8438,4775,4825,2060,7823
2352,8771,9014,8438,5302,12233,4825,2060,11261,7823
6257,8771,9014,8438,4775,4825,17625,2060,20732,7823
8080,6257,1842,2148,8438,9014,4775,16135,12233,2060,20732,7823
19696,1842,8438,9014,17271,4825,17625,10235,2060,13388,11261,7823
8080,1842,8438,9014,4775,4825,9897,4636,2060,4414,7823
8737,6257,8771,9014,8438,4825,4636,2060,13388,11261,7823,13711
19696,8080,8737,6257,2148,8438,4825,9897,5340,13388,2060,7823
2352,8080,6257,1842,8771,8438,9014,9897,4825,11261,7823
8771,2060,7823,8080,19696,6257,1842,8438,4825,10235,5340,4636,4414
@dps-end:
