@rep:1
@time:9.951
@trys:1922021
@seed:179424673
@dps-begin:
8771,9014,8438,9897,4826,3835,2060,3679,7823
21216,1841,14276,9014,18282
21216,1842,7028,16884,7882,18282
1841,8737,4636,11261,17485,3679
8737,1841,4245,8438,5863,14650,7823
1841,8771,8438,1751,4825,11882,15163,4636
1841,9014,5863,7823
8737,9014,11882,7882
21216,1842,9014,15163,3679
21216,8438,5863,2875,2060,9774
8438,11882,3835,3679,13551
8771,8438,16696,7823
5863,4636,17485,7823
4245,8438,4825,15225,7823,3679
8737,3336,7882,4636
8737,5220,9014,13014,4825,7882,11261
8771,4245,18282,15163,4636,9774,3679
12994,8771,4825,7882,3835,13707
8737,15201,7882,3679
9014,18104,4636
@dps-end:
@rep:2
@time:8.841
@trys:1786897
@seed:125164703
@dps-begin:
6257,1842,9014,8438,4775,4825,10235,2060,4636,3679,7823
21216,3105,1841,9014,2044,16495
5105,3105,21650,8438,7882,4636,16495
21216,1841,8737,2044,16495
9280,1842,10740,8854,4825,2412,2060,7823
21650,4775,4636,16495
8737,9014,3336,4636
21216,12017,6789,4636
3105,21650,8438,18282
1841,7882,6429,7823
8438,18600,4825,6429
9014,18104,4636
8737,15201,9014
20418,5220,4775,4999
1842,13592
306,21650,4775
9014,4825,1418
13920,5105,4825
219
4773
@dps-end:
@rep:3
@time:9.02
@trys:1810515
@seed:132011827
@dps-begin:
6257,1842,9014,8438,4825,2060,13388,19901,3679,7823
11888,1841,8737,9014,4775,21399,18282
6257,9014,4636,20189,3679
5105,7060,8438,4775,3679
1842,5863,18282,4636,3679
8737,1841,4775,20189,7823
6257,8438,4636,13388,19310
5105,9349,8438,4825,4636,20189
8737,1842,7060,8438,7385,2060,15069
7060,13494,5863,4775,2060,19310,7823
8737,9014,3336,4636
1842,7060,4636,13388
16112,1841,2060
9014,18104,4636
8737,15201,9014
9349,3336
7060,3336,2060
1842,13592
13920,6257,9014,4825,4636,3679
8737,306,1842
@dps-end:
@rep:4
@time:8.93
@trys:1765731
@seed:124987441
@dps-begin:
6257,1842,8438,9014,4825,10235,2060,13388,3679,7823
8737,12965,9014,4636,14191,3679
1842,8438,14536,7882,10235,2060
6257,1842,4636,13388,14191,3679
8080,12965,8438,9014,18775,7882,14191,7823
2148,8438,4825,14047
8692,2148,12965,9014,14536,18282,3679
4961,1842,18282,10235,2060
8737,9014,3336,4636
8737,8438,18775,4825
8737,15201,7882,14047
2148,14536,3679,14191
9014,18104,4636
12965,3336
1842,13592
8737,306,9014,4636
13920,9014,4825
9014,4825,1418
219
4773
@dps-end:
@rep:5
@time:13.844
@trys:2545700
@seed:123979721
@dps-begin:
18368,1842,9014,5302,8438,4775,4825,2060,7823,3679
7664,5302,9014,4775,4636
5105,8438,5302,14536,2060
5105,1842,5302,8438,3694
7936,5302,7882,2060,3679
20357,9014,5863,1751,18282,13388,7823
7664,8438,1751,4825,13388
10118,8438,5863,1528,7882,2060
10118,14536,6040,1528,4825,18282,7823
5105,4825,7882,3679
1842,15026,8438,21943,4825,7823
8737,3336,4636,13388
4775,4636,7468,3679
8737,15201,9014,4775,3679
9014,18104,4636
1842,3336,3694
7664,5863,4775,8745,4636
1842,13592
8737,306,9014,4636
13920,5105,8438,4825,3679
@dps-end:
@rep:6
@time:10.431
@trys:1989778
@seed:119777719
@dps-begin:
8080,19696,6257,8438,9014,4825,13388,2060,19901,7823
21216,7936,1842,14483,20216,16104,18282,4636,8206
7936,8438,16104,7882,18282,2060,13388
19696,7936,21216,4775,5863,16460,4636,19901
7936,19696,1841,3730,9014,8438,16104,8814
3730,9014,5863,16104,4636,19901
1842,9014,7882,4636
7936,21216,1841,1842,18282,8348,14797
16112,21216,1842,4775,4636,7823
7936,3730,1956,9014,8438,4775,19901
7936,6257,5863,4775,8777,2060,7823
8438,4775,16104,4636
8080,8737,5863,7823
8080,7936,8438,5863,8777,4825
5105,8438,4825,6091,8814
19696,8438,5863,16104,7882,18282
19696,7936,8737,3730,18282,4636
19696,9014,8438,4040,18282,682
19696,4884,20873,7882,2060
6257,8737,9014,3336,7882,4636
@dps-end:
@rep:7
@time:9.31
@trys:1832641
@seed:117705823
@dps-begin:
6257,9014,8438,4775,9897,4825,2060,3679,7823
19107,9014,4775,7882,1775
2148,4775,7751,3679,1775
8737,6257,5863,3679,7823
5105,8438,4598,4775
13388,2060,14191
6257,8438,4775,7882,15055,1775
1842,3730,19107,2148,12646,3679
19107,8438,5863,4825
8737,9014,3336,4636
3730,1842,19107,2148
5105,4737,19155,4825,7882,6506
15201,8737,9014,3679
9014,18104,4636
1842,13592
13920,9014,3679,1775
306,4775,4636,1775
8737,19107,2148,4775,16254
9014,4825,1418
219
@dps-end:
@rep:8
@time:9.38
@trys:1831461
@seed:112131119
@dps-begin:
6257,1842,8438,9014,4825,2060,13388,7823,3679
8737,1842,9014,15736,16475,4636,1775
8737,5593,4636,13388,1775
1841,5863,18282,13551
5105,8662,8438
1841,5105,18282,15163,2060,13388
8737,9014,3336,4636
8438,7095,11400,16475,2060,3679,13551
5105,5220,9014,5863
22279,2060
9014,18104,4636
8737,15201,9014
1842,13592
1842,3336,17131,2060
13831,3336
13920,9014,4825
9014,1418,1775
306,17625,1775
8737,1842,16254,7823
219
@dps-end:
@rep:9
@time:10.37
@trys:1987808
@seed:108626351
@dps-begin:
19696,6257,8438,9014,4775,4825,9897,2060,7823
8737,9014,4825,11261
21216,8438,5863,4775,1751,3256,7882,15854
21216,1841,9339,4636
4775,5863,9897,5593,18282
2060,5804,15854,7823,3679
21216,18933,8438,9897,2060
8771,16564,5863,4775,13690,4636
1842,1751,21512,2060
8438,4775,9339,7823
8737,9014,3336,4636
4963,4775,16780,4636
5863,18282,7882
19696,21216,18933,4636
5220,5593,5804
8737,15201,9014,9897
9014,18104,4636
3336,2060,21196
1842,13592
17414,3336,4636
@dps-end:
@rep:10
@time:13.56
@trys:2457312
@seed:107980007
@dps-begin:
19696,6257,9014,8438,4775,4825,9897,2060,7823
1842,4775,7882,4636,5804,16495
9168,6257,8737,1841,2060,16495,7823,14191
21216,8737,5863,4775,5804,18718
2785,6257,8737,1842,4775,4825,4155,4636,18718
5105,8438,4825,18718
9168,21216,1842,8438,4636,14191
19696,498,9897,4825,2060,16495
9168,8737,6257,1841,7823
8737,2785,6257,18282,4636
5105,14337,1841,8438,7882,8108,7823
5105,9897,17625,2060,9726
8737,9014,3336,4636
9168,1841,8737,7060,9014
5105,5220,12965,8438,7882
8737,15201,9897,7882,5804
9168,8438,5863,9897
9014,18104,4636
1842,13592
8737,306,1842,4155
@dps-end:
