@rep:1
@time:0.12
@trys:64624
@seed:179424673
@dps-begin:
1985,1354
1985,1735
1985,2054
1985,2072
1985
1985,857
1735,1354
2054
1735,588
1985,239
1985,842
1985,1258
562
1735,239
1477,2054
1354,239
2054,239
1985,1951
1354
239
@dps-end:
@rep:2
@time:0.13
@trys:71548
@seed:125164703
@dps-begin:
1985,2054
1985,1735
1985,1354
1985,2072
1985
1354,588
2054
1985,842
1985,239
562
1985,392
1985,1951
1354
239
1985,1670
1985,106
1985,1373
1985,77
1354,106
1681,1985
@dps-end:
@rep:3
@time:0.14
@trys:71548
@seed:132011827
@dps-begin:
1985,2054
1985,1354
1985,1735
1985
1985,857
1735,1354
1354,588
1936,1985
2054
1985,842
1985,239
1985,466
1985,1258
562
1354
239
1985,1670
1985,546
1735,1258
1985,1291
@dps-end:
@rep:4
@time:0.13
@trys:69240
@seed:124987441
@dps-begin:
1985,1735
1985,2054
1985,1354
1985,2072
1985
1985,857
1936,1985
2054
2054,1404
1985,1991
1985,842
1985,239
1985,1258
562
1985,1951
1354
1354,1404
239
1985,106
435,2054
@dps-end:
@rep:5
@time:0.13
@trys:71548
@seed:123979721
@dps-begin:
1985,2054
1985,1735
1985,1354
1985,2072
1985
1735,1354
2054,1735
2054
1985,1258
1985,239
1985,842
1985,1638
562
1985,600
1985,1638,1354
1985,392
1985,1951
1985,1458
1354
239
@dps-end:
@rep:6
@time:0.13
@trys:71548
@seed:119777719
@dps-begin:
1985,1735
1985,2054
1985,1354
1985,2072
1985
1985,1564
2054
2054,1404
1985,1258
1985,239
1985,842
562
1985,392
1985,1951
1354
239
1985,2054,1646
1985,1073
1985,106
1354,842
@dps-end:
@rep:7
@time:0.16
@trys:85396
@seed:117705823
@dps-begin:
1985,2054
1985,1354
1985,1735
1985,2072
1985
1985,1564
1936,1985
2054
1735,588
1985,1258
1985,239
1985,842
562
1354,239
1985,392
1985,1951
1354
239
1985,546
1354,1934
@dps-end:
@rep:8
@time:0.15
@trys:78472
@seed:112131119
@dps-begin:
1985,1735
1985,1354
1985,2054
1985,2072
1985
1985,857
1936,1985
1985,1090
2054
1985,1258
1985,239
1985,842
562
1985,1951
1985,392
1985,1458
1354
1354,1404
239
1985,106
@dps-end:
@rep:9
@time:0.15
@trys:78472
@seed:108626351
@dps-begin:
1985,1735
1985,1354
1985,2054
1985,2072
1985
1985,1564
2054
1985,239
1985,1991
1985,1258
1985,842
562
1985,600
1354
239
1934,239
1985,435
1985,1681
1985,994
1985,357
@dps-end:
@rep:10
@time:0.15
@trys:83088
@seed:107980007
@dps-begin:
1985,2054
1985,1354
1985,1735
1985
1985,857
1735,1354
1936,1985
1985,1090
2054
1985,239
1985,842
1985,1258
2054,588
562
1991,1354
1985,392
1985,600
1985,1951
1354
239
@dps-end:
