@rep:1
@time:1.34
@trys:408328
@seed:179424673
@dps-begin:
5608,2137,4602,6364,3757,3710,1454
4019,5141
3603,6698
2245,4614
4967,362
4352,5774
6856,3215
660,6022
4504,5870
5843,5799
3841,1602
148
2864,6433
608,385
4233,4623
5562,6874
@dps-end:
@rep:2
@time:1.27
@trys:401120
@seed:125164703
@dps-begin:
6672,448,116,5608,2137,6364,3710
2312,6333
1777,6705,2515,4919
741,7118
84,6886,1967
4585,2634
5943,6108
486,4182
1211,3806
34
148
2993,118
4743,5866
608,680
258,2515
4374,974
@dps-end:
@rep:3
@time:1.34
@trys:422374
@seed:132011827
@dps-begin:
6452,116,5608,1401,4602,6364,3710
5113,4572,3919
5268,6117,7101
6976,1495
180,6214
837,254
2564,3115
485,2297
5555
7075,5012,6950
1376,2951
2674,6947
@dps-end:
@rep:4
@time:1.21
@trys:393939
@seed:124987441
@dps-begin:
5608,4602,6364,3757,3710,1454,3951
6262,695,3021
5356,5965
4240,845
6755,1835
2144,155
4032,4142
2587,6431
2978,214
1640
6904,3615
722,5234
5427,1048
@dps-end:
@rep:5
@time:1.22
@trys:393817
@seed:123979721
@dps-begin:
6452,5608,4602,6364,3757,1454,3710
4450,274
6672,4212
3584,4013,2254
5784,4920,6108,5054
486,7052
3889,6508
4177,34
3936,4825
1253,3641
3685,4537
2803,254
6050,965,2934
5260
@dps-end:
@rep:6
@time:1.89
@trys:564829
@seed:119777719
@dps-begin:
6452,116,3752,5608,6364,3710,5999
1830,1870
3867,5518,5774
3091,4188
3603,5549
2235,1643
3936,3812
1874,5796
6292,5381
5555
6225,3579
1191,189
@dps-end:
@rep:7
@time:1.21
@trys:393972
@seed:117705823
@dps-begin:
5608,2137,4602,6364,3757,3710,1454
6208,5219
4307,3736
3925,623
1,6393
3907,6300
5555
1993
2342,1817
4038,5675
1234,6838,745
3284,6397
445,1327
@dps-end:
@rep:8
@time:1.12
@trys:365390
@seed:112131119
@dps-begin:
116,6695,5608,3752,1401,6364,3710
5268,3627,5855
704,2471,4959
401,5758
832,4164
5233,314
1265,3723
6580,4255
5555
5975,3436
1157,2495
6548,5213
@dps-end:
@rep:9
@time:1.24
@trys:400853
@seed:108626351
@dps-begin:
116,6452,5608,4602,6364,1454,3710
832,4406
2387,5653
4516,1852
993,3334,1323
5945,1343
3056,5267
7015,2700
1283,5422
5555
1216,6188
541,1005
6225,4921
3733,6982
5480,3068
@dps-end:
@rep:10
@time:1.38
@trys:450844
@seed:107980007
@dps-begin:
6452,1300,5608,4602,6364,3710,1454
2640,238
2312
1730,138
6961,4708,1228
3891,1334,7082
2471,1228
6053,362
2706,374
138,4028
4708,4623
1467,541
6529,1211
2068,263
1269,1654
3491,5596
@dps-end:
