@rep:1
@time:1.69
@trys:659343
@seed:179424673
@dps-begin:
978,9570,2579,6326,9976,2665,8415
5429,2936,2665,2927
644,6632,2665
1968,7277
7009,9161,6553
6645,7974,6614,2665
5091,4280,1150
7974,9915,7199
97,1015,4411
1968
1536,1721
4288,1604
2665,7578,1197
6211,1190,2283
3589,7765,8985,8317
9427,888,249,2665
340,9621,1977
4138,7547
10080,2563
7395,644,6632
@dps-end:
@rep:2
@time:1.62
@trys:679622
@seed:125164703
@dps-begin:
8609,9570,2579,6326,2665,8171,8415
6054,9368
7401,6169
7974,6796
6326,9710
7009,7770
7401,2174
2665,8652
4800,5363,1287,7592
562,9675
8516,3797
2665,5997
5363,3364,5157
7825,7880
2579,6948
5104,562
8053,6537
2665,4431
8513,3805,5774
7941,1049
@dps-end:
@rep:3
@time:1.36
@trys:578290
@seed:132011827
@dps-begin:
978,2579,1059,2665,7820
4978,8006
6099,9990
9228,5982
2733,9022
5987,2251,4556
8317,8781,9710
1721,6796
5670,9915,763
6054,9867
6073,2251
6771,709,2621
4917,1049
7547,6380
6099
10080,5574,9368
674,7575
8647,8047
3849,5982
6169,249,2251
@dps-end:
@rep:4
@time:1.47
@trys:608585
@seed:124987441
@dps-begin:
8609,9570,2579,6326,214,2665,8415
10069,5818
9572,918
8609,3400,7353
6771,7401,8317
9847,6073
8691,2665
97,2787,7880,399
9762,7353,9260
3500
4790,9051
1685,4223
4771,5982
2233,3579,9710
9442,4978,6275,5369,2748
9987,6004,9847,8236
9572,2665,5449
8516,5670,8652
547,8006,5097
8609,1741
@dps-end:
@rep:5
@time:1.62
@trys:659644
@seed:123979721
@dps-begin:
9570,6326,9976,2665,2095,8415
9682,8317
2936,2603,6796
5958,6169
9762,6099,2665,1197
4932,7353,5982
7974,1879,4091
3500
2603,6796
1721,9675
1189,9847,10060
97,4978,1470
6614,5982
6099,9531
249,9246,4287
9463,7401
9572,8663,4138
1536,9572,5876,6348
1968,7974
7009,6117,134,3145
@dps-end:
@rep:6
@time:1.65
@trys:639328
@seed:119777719
@dps-begin:
8609,978,9570,2579,6326,2665,8415
1721,1706,3407
2665,6796,9022,1983
10080,129,8317
1973,1721
2733,9022
6073,2233,1661
9969,6247,10027
97,4282,7306
7974,5609,7069
4978
7410,9260,2077
547,9990,6877
5987,648,2665,8922
7353,3913,1706,2174
7547,830
5363,7992,6891
9368,9228
5670,4892
1968,1682,5429,6110
@dps-end:
@rep:7
@time:1.83
@trys:709575
@seed:117705823
@dps-begin:
8609,978,9570,2579,6326,2665,8415
9572,1973
7089,5818
5091,6796
4411,9675
8514,1706
1661,7231
4978,7765
5363,4085,652
8516,3389
3180,9228
4401,6123
3810,9291
9847,3722,8415
6099,3684,7822
579,7880,6169
9787,5086
7089,7794,7638,3145
5111,2407,1049,7372
8048,9762
@dps-end:
@rep:8
@time:1.6
@trys:639193
@seed:112131119
@dps-begin:
9570,6326,9976,2665,2095,8415
562,3806,5086
6796,9228
97,9847
8609,1722,6110
8691,9161,6123
340,2116,9974
3722,3389
7992,9260
6796,4796
4771,547,8074
5091,2665,9838
3602,8073,8507
1015,7401
9572,2793
9572,3338
8609,9987,9531
9161,9194,7596,5982
9030,7880,1482
709,1800,5982
@dps-end:
@rep:9
@time:1.57
@trys:629090
@seed:108626351
@dps-begin:
9570,6326,9976,2665,8415,2095
7089,5818
5511,4429
9572,6678,6123
3913,9291
3810,9572
7429,1879
6921,9867,1389
1706,9022
9762,6380,9022
9666,3323
549,709
1968
9762,1682,2515
2841,7533
1706,6939,2029,2174
7353,9675,3180
882,9368
7653,1189,6326
2665,1741
@dps-end:
@rep:10
@time:1.67
@trys:679509
@seed:107980007
@dps-begin:
8609,978,2579,6326,2665,8415
562,3806
709,9915
1536,5091,8691
7089,562
10080,2665,5707
4452,5982
2853,1609,6123
4932,1189,8966
10069,9710
1057,5982
9969,7880
7089,5934
8004,3252,9531
6054,9548,4287
8609,1879
6387,1973,4287
2665,9470
644,4790
7401,1486
@dps-end:
