@rep:1
@time:3.67
@trys:972166
@seed:179424673
@dps-begin:
544,448,116,2998,3752,4602,6364,2092
6672,2998,5608,2137,6364,3757,4959
544,448,116,2998,3752,1401,2137,4602,6364,3757
6692,1013,5845,4602,6074,2092,6364,3757
5608,4602,6364,3757,1454,3710
448,6384,116,2998,3752,1401,4602,2092,6364,6286,5887
544,2998,2137,4602,2092,6364,3757
5845,2998,4602,2092,6364,3757
2998,3752,1401,4602,6074,2092,3757,3407
2673,2998,4602,2092,6364,3757,1454
2998,3752,1401,4602,2092,6364,3757
2673,5845,2998,6968,1401,4602,2092,5454,3407,5887
448,467,116,2998,4602,2476,6364,2092,2671
6672,1332,5608,2137,4602,3757,3710
5608,1401,4602,6364,3757,3710
2673,2998,5608,4602,6364,2092,3757,4959
3543,3752,2137,1401,4602,3757
2112,116,1013,6364,1037,2671
5608,1401,6364,3757,6286,4959
2112,4611,2998,4602,6074,6364,2476,2092,3407
@dps-end:
@rep:2
@time:2.61
@trys:722978
@seed:125164703
@dps-begin:
448,116,2998,808,1401,2137,4602,2092,6364
2998,5608,2137,6364,3757,4959,5999
448,116,808,3752,4602,6364,2092,1454
448,1300,5608,1401,3710,3951
2998,4602,4875,6364,3757,6286,5999
448,116,5608,6364,3710,5999
448,116,2998,3752,808,1401,6364,6286,5999
448,116,2998,4602,6364,2092,5999
2998,1401,2137,4698,4602,2092,6364,3757
6672,2998,2137,4602,4875,6364,3757,3951
2998,2137,4602,6364,2092,3951,3407,5999
6672,448,116,2998,808,2137,4602,2092,3757,1454
6672,2998,2137,4602,2092,6364,3757,5999
6672,116,5608,6364,3710,3951
448,1300,5608,2137,6364,3757,3710
2112,116,2998,4602,6364,2671
116,2998,808,1401,4602,6364,6286
448,116,808,4602,6364,6286,1454
2998,5608,6364,3757,6286,1454,4959
6672,448,2998,808,2137,4602,6364,6286,5999
@dps-end:
@rep:3
@time:3.12
@trys:837931
@seed:132011827
@dps-begin:
448,116,6452,2998,808,4602,2092,6364,1454
2336,6452,2998,1401,4602,2092,6364,3757,2735
6452,116,2998,808,4602,6364,1454
6672,448,2336,116,6452,2998,4602,6364,3757,5999
448,116,6452,2998,4631,1401,4602,2092
6452,2998,1401,4602,6364,2092,3757
2336,6452,2137,4602,6364,3757,2735,5999
2336,6452,2998,1401,4602,6364,2092,2735
448,116,6452,4602,6364,1454,2671
116,5608,3752,1401,6364,3710
6452,116,2998,1401,4602,6364,1454
2336,6452,116,1401,4602,2092,6364
448,116,6452,2998,3752,808,4602,1454
448,6452,2998,808,4602,6364,1454
6452,1013,6074,4602,6364,2092,2735
448,6672,116,2998,3752,808,6364,2092
448,6452,116,3752,4602,6364,2092
6672,116,2998,808,2137,4602,6364,2092
448,116,808,3752,1401,4602,6364,3757,1454,5999
6672,2998,5608,3752,2137,6364,3757,1454,5999
@dps-end:
@rep:4
@time:3.58
@trys:972359
@seed:124987441
@dps-begin:
448,6452,116,2998,808,4602,6364,2092,5999
6452,2998,5608,1401,6364,3757,1454,4959
1332,6452,2998,3752,5608,1401,4602,6364,3757
116,6452,2998,808,2137,4602,6364,3757,5999
6452,2998,4602,6364,2092,3757,1454
448,116,2998,4602,2476,6364,2671
116,6452,5608,4602,6364,3710
1332,6452,2998,3543,1401,4602,3757
116,6452,3752,4602,6364,2092,1454
448,6452,116,3752,4602,6364,1454
6452,2998,808,1401,4602,2092,3757
116,2998,808,2137,4602,2092,6364,5999
448,6452,116,2998,3752,1401,6364,2092,3757
448,6452,2998,808,4602,6364,1454
448,2998,3752,808,2137,2092,6364,3757,5999
448,6452,116,3752,808,2092,6364,5999
448,6452,116,1332,808,1401,4602,2092,1454
448,116,2998,2137,4602,2092,6364
448,3169,6452,3752,808,4602,2092,6364,3757
448,6452,116,2998,4602,2092,3757,1454,5999
@dps-end:
@rep:5
@time:3.18
@trys:844527
@seed:123979721
@dps-begin:
448,6384,338,6452,116,2998,4602,2092,6364
6452,2998,5608,6364,3757,1454,4959,1055
2336,6452,2998,1401,4602,6364,2092,3757
448,116,6452,2998,4602,6364,1454
448,6384,338,116,6452,2137,4602,6364,2092,3757
6384,448,338,6452,2998,808,4602,6364,2092
338,116,6452,933,2998,4602,2092,6364
448,338,116,2998,3752,1401,6364,2092,1055
6452,2998,1401,4602,2092,6364,3757
3752,5608,6364,3757,1454,3710
448,116,6452,3752,808,1401,6364,2092,2623
448,6452,116,2998,2476,6364,3757,2671
6452,116,3752,4602,2092,6364,1454
5608,2137,1401,6364,3757,4959
6452,2998,3752,5608,1401,2092,6364,4959
448,116,6452,933,3752,4602,6364,2092
338,6452,2998,3752,2137,2092,6364,1055,2623
2336,116,6452,2998,1401,4602,6364,1055
448,6452,116,2998,3752,2137,6364,2092,1055
448,6452,116,808,3752,1401,4602,1454
@dps-end:
@rep:6
@time:4.46
@trys:1158917
@seed:119777719
@dps-begin:
338,6452,5845,2998,4602,6364,2092
6721,116,6452,2998,1401,4602,6364,2092
338,6452,2998,1401,4602,6364,2092,3757
6452,6692,5845,2998,4602,6364,2092
6452,2998,5608,4602,6364,3757,1454
338,116,6452,2998,4602,6364,1454
338,6452,116,2998,4602,6364,1454
6452,2998,1401,4602,2092,6364,3757
116,6452,5608,1401,4602,3710
4611,6452,1013,2966,4602,6364,2092
116,6452,2998,4602,6364,1454
6452,5845,2998,3752,4602,6364,2092
338,5845,2998,4602,6364,2092
2112,1013,2966,4602,2092,6364,3757
6452,3752,4602,6364,2092,3757,5999
338,6452,2998,4602,6364,2092
338,6452,2998,1401,4602,3757,1454
5608,2137,1401,4602,6364,3710
4611,6452,1013,2966,6364,2092,5999
6452,1013,2966,5608,6364,1454
@dps-end:
@rep:7
@time:2.58
@trys:729731
@seed:117705823
@dps-begin:
544,6452,116,2998,4602,6364,2092
448,2336,6452,116,2998,4602,6364,1454
2336,6452,2998,4602,2092,6364,3757,5999
6452,5608,3304,4602,6364,3757,1454
544,116,6452,2998,4602,6364,3757,1454
448,116,6452,2998,4602,6364,2092,3757
5608,4602,6364,3757,3710,1454
2112,6452,116,4602,6364,1037,2671
2998,5608,3752,4602,6364,3757,1454
2336,6452,116,1401,4602,6364,2092,3757
6672,448,116,6452,2998,4602,6364
448,116,2998,808,4602,6364,3757,1454
6452,2998,5608,3304,4602,3757,1454
448,6452,2998,4602,2092,6364,3757,5999
6452,2998,4602,6364,3757,1454,5999
6672,1300,5608,3752,3710
2112,448,116,2998,2476,6364,2671
448,6452,116,1013,6364,1454,2671
116,6452,1013,4602,6364,2476,3757,2671
116,2998,4602,6364,3757,3710,3951
@dps-end:
@rep:8
@time:2.96
@trys:808410
@seed:112131119
@dps-begin:
544,6452,933,2998,4602,6364,2092
544,6452,933,3752,4602,6364,2092
6672,6452,1300,2998,4602,2092,6364
6672,6452,2998,3752,4602,6364,2092,3757
1300,3752,5608,6364,3710,1055
116,6452,2998,4602,2092,6364
3752,5608,1401,2092,6364,3757,4959
6452,5845,2998,4602,6364,2092
6672,544,6452,116,2998,1401,2092,6364,5999
544,6452,2998,3752,4602,6364,2092
544,6672,116,6452,1686,2998,6364,3757
544,6452,116,2998,3752,4602,2092,5999
544,116,933,2998,3752,4602,2092,6364,5999
6452,3752,1401,4602,6364,2092,3757,1055
2112,4291,6452,4602,2476,6364,1629,2671
6452,1300,5608,6364,1629,3710,5999
6672,1300,5608,4602,6364,3710
6672,6452,1300,5608,3710
1332,1686,3752,5608,4602,6364,3710
6452,933,1401,4602,6364,2092,3710
@dps-end:
@rep:9
@time:3.24
@trys:866168
@seed:108626351
@dps-begin:
544,448,116,6452,2998,4602,6364,2092
6672,6452,1300,2998,3304,4602,6364,2092
6452,933,2998,808,4602,6364,2092,5999
448,544,116,3752,4602,2092,6364
448,6452,116,808,3752,4602,6364,1454
2336,448,116,6452,2998,3752,1401,2137,4602
2112,6452,116,1013,4602,6364,2671
6452,933,5608,4602,1454,3710
544,2336,6721,3752,2092,5999,2673,116,6452,2998,2137,1401,6364
2336,6452,2998,3543,3752,2137,4602,1454
2336,6672,2673,6452,2998,5608,6364,1454
2112,6452,1013,2137,4602,6364,2092
6672,6452,116,2998,4602,6364,1454
6452,1300,2998,4602,2092,1454
544,448,6452,933,1401,4602,6364,1454
544,933,2998,3752,4602,6364,2092,1454
116,6452,2998,808,4602,2092,1454
6672,2336,116,6452,933,3752,6364,2092,1454
544,2336,448,6452,2998,1401,4602,2092
448,116,3752,4602,2092,6364,1454
@dps-end:
@rep:10
@time:2.35
@trys:693642
@seed:107980007
@dps-begin:
6452,1300,5608,4602,6364,3710,1055
448,116,6452,3752,1401,4602,2092,6364
2112,448,116,1013,4602,6364,2671
2112,6452,1013,3752,1401,6074,4875,2092,2476,6364
1300,6452,5608,4602,6364,1454
1872,2112,6452,1013,4602,2092,6364
6452,3752,1401,4602,2092,6364,2623,5999
448,116,1013,4602,6364,2476,6286,2671
448,116,5992,4602,6364,3484,6286,1454,3710
2112,6452,1013,3543,4602,2476
6452,1300,3543,5608,1401,4602,2092,6364,1055
2112,448,116,4602,6364,2671
448,116,3752,4602,6364,3710
1300,5608,4602,6364,3710,5999
2112,116,6452,1013,6364,2092
448,116,6452,1013,6364,2476,2671
2112,6452,1013,5845,4602,2092,6364
6452,3543,3752,1401,4602,6074,1454
448,2112,116,6452,1013,1401,4602,1454,1055
448,6452,116,3752,1401,4602,4875,6364,1454
@dps-end:
