@rep:1
@time:3.96
@trys:493684
@seed:179424673
@dps-begin:
11026,821,3148,9167
3175,8199
561,1923
4006,926
4042,9405
3673
706,5578
10005,438,8953
989
10421,2745
6195,474
4340,1674,7243
10657,10727,9887
12103,9593
8323,5979
7415
11488,10361
12086,5995
9753
211,4963,1787
@dps-end:
@rep:2
@time:3.69
@trys:480987
@seed:125164703
@dps-begin:
12010,3148,990,9167
8758,10970,9551
9986,7460,10101
4267
4067,3939,9224
9676
978,7102
4267,3005
2529,10978
8818,1611
989
3218,10662
1859,4349
4290,11219
9954,3352
8807,11951
2706,10196
4387,8410,1102
7415
11156,9355
@dps-end:
@rep:3
@time:3.58
@trys:455696
@seed:132011827
@dps-begin:
7633,2425,3148,3182
12337,11806
4820,8888,639
4267
1146,1181
3673
6549,1929
6515,709,3645,8575
3458,8345
11360,2452
10472,474
401,525
5137,793
7824,6983
2197,4414
11317,11
6275
6272,2522
9652,9307
6513,961,9503
@dps-end:
@rep:4
@time:3.74
@trys:481109
@seed:124987441
@dps-begin:
7633,2425,3148,3182
8124
6259,7252,5083
5985
7335,223
4069,10831
1562,4879
3462,4411
12146,2419
12103,11821
4488,9817,3311
438,71
2419,745
3712,9064
3843,5351
2504,684
11570,9996,8317
1123,6314
6778,9356
1712
@dps-end:
@rep:5
@time:3.96
@trys:506131
@seed:123979721
@dps-begin:
1639,3148,9167,5839
1178,10605
1050,9405,399
4267
9755
3673
9169,1929
2389,5658,1646
989
6275
474,11931
8343,8060
5328,7891
12549,10600
1511,3191,6910
4033,10187,6844
11721,7901,10509,10110
7248,440,859,9790
10386,3590,4187
10803,6597,7036
@dps-end:
@rep:6
@time:3.64
@trys:455757
@seed:119777719
@dps-begin:
5606,2425,3148,3182
12472,2125
3876,6100
6593,4267
8133,8345
7824,744
10196,10363
3286,3673
8915,3723,7630
4006,8807
989
6275
10033,8776
11360,4657,5960
3489,4069
9753
4675,4110
8608,1235
5281,5389
3218,9531
@dps-end:
@rep:7
@time:3.791
@trys:481070
@seed:117705823
@dps-begin:
8200,2425,3148,3182
12121,9405
8584,649,2399
8904,7081,2782,2126
8209,2957
3019
8642,2956
6844
2390,4381
1920,7697,5745,11698
10385,3010,9014
7330,5983
4544,1181
4992,6151
1929,9546,3836
7496,8170,6239
3174,3206,6631
12564,10234
7415
9753
@dps-end:
@rep:8
@time:3.65
@trys:468224
@seed:112131119
@dps-begin:
2425,3148,990,9167
2853,9405
3673
3218,946
11059,392
2150,9896
12594,9014
5985,8225
5328,10375
4912,9412,7238
9362,6490,9279
9777,4306,917,6557
989
12472,10589
5091,11981
6870,10490
10600,1112
7673,4893
9491,6934
561,835,10084
@dps-end:
@rep:9
@time:3.51
@trys:455690
@seed:108626351
@dps-begin:
7633,3148,3182,9167
1811,419
10727,9199
3352,6637
8209,734
12472,7770
2731,10350
3946,6844,3117
7878,6044,11374
3673,428
12096,5555,2555
989
6275
5025,4132
978,2617
12353,2072
10901,5351,9016
7415
3240,716
8407,8392
@dps-end:
@rep:10
@time:3.751
@trys:480983
@seed:107980007
@dps-begin:
7633,2425,3148,3182
11139,6543
11712
706
9014
5532,12047
1178,11466
6314
8966,2139
438,4567
256,9126
7238,12013
989
12472,10845
4046,11279
1680,4277
7415
1712
6775,8616
6643,4340
@dps-end:
