@rep:1
@time:1.901
@trys:408146
@seed:179424673
@dps-begin:
4214,6102,2247,4360,4137,3322,3660,4829
4144,3173,1212,6031
2428,4862
2672,4786
6021,1101
6392,1836
1497
1914,654
5185,5333
6715,622
1046,5948
2273,6392,1914,1627
1249,4445
4182,3660
6471,3723
6715,2428
@dps-end:
@rep:2
@time:1.95
@trys:422538
@seed:125164703
@dps-begin:
4214,6102,2247,4360,4137,3660,4829,4207
2141
1796,7113
6792,6795
5794,132
2870,6328
1988,6189
181,5725
6427,3342
264,845
742,3689
6276,6505
777,45
2071,2698
6827,5487
2184,2748
6501,1529
1458,5015
6134,2830
6116,1831,4637
@dps-end:
@rep:3
@time:1.87
@trys:401192
@seed:132011827
@dps-begin:
2021,4214,2247,2184,4360,4441,1084,5807
5313,1030
2141
1620,2743
1475,5926
1497
4692
6228,5897
7048,2939
6609,1918
6402,6677
4718,4031
1851,5071
2365,14
1620,4182
2773,4815
7072,1451
3304,2909
915,1093,4365
2962,6972
@dps-end:
@rep:4
@time:1.72
@trys:379766
@seed:124987441
@dps-begin:
4214,2247,760,4360,2184,1289,4441,1084
2141
2672,6765
5322,879
757,4763
4921,2142
6546,5800
1497
3601,930
7097,6957
1748,4185
6726,6524
6628,4399
6256,6443
2,4020
5793,3174
208,5115,4397
5104,1506,374,6760
995,795
3474,3081
@dps-end:
@rep:5
@time:1.72
@trys:393954
@seed:123979721
@dps-begin:
4214,2247,4360,4441,3660,4829,5807
4391,5129
3170,2551,6632
437,6666
3765,4794
1497
2360,584
486
4806,4575
1953,1925,1670,286
2870,5992
1419,1071
3332,2469
6100,4182
4724,2875
1427,2645
5393,1253,3432
6471,6957
4823,748
6419,4339,1996
@dps-end:
@rep:6
@time:1.71
@trys:386929
@seed:119777719
@dps-begin:
4214,6102,2247,4360,2184,4441,5807
2141
6305,3186
4214,2223
1683,299
643,3652
2930,6600
6069,1944
6310,5368
5670,2927
2066,7095
@dps-end:
@rep:7
@time:1.71
@trys:401175
@seed:117705823
@dps-begin:
2003,4214,6102,4360,4137,3660,4829
2141
2829,4862
6866,972
260,639
2064,1116
4224,4929
486
6417,3578
6161,3785
4371
1841,2115
647,2188,6844
4166,647
2694,495
2090,1340
5631,6319
1269,2972
4531,999
@dps-end:
@rep:8
@time:1.47
@trys:337000
@seed:112131119
@dps-begin:
2003,4214,2184,4360,1289,4137,4829
2141
1561,1533
1060,5887
1410,34,1683,2235
1001,6781
7025,6524
6946,1595
1477,2941
5921,3002
3637,1225,6730
6928,34,1081,6315
4626,4021,1045,1192
5971,1081,5437
6546,5908,6846
6703,2527
@dps-end:
@rep:9
@time:1.6
@trys:365631
@seed:108626351
@dps-begin:
4214,6102,2247,4360,4137,3660,4829,6255
2141
6887,5695
4387,132
6115,2971
5415,6524
1722,972
7028,1247
5890,698
2624,6600
4931,5606
6059,2589
139,2830
6796,5983
3417,5737
2214,4873,2685
4995,668
1179,3311
6970
@dps-end:
@rep:10
@time:2.01
@trys:443933
@seed:107980007
@dps-begin:
2804,6102,4214,2247,4360,4137,3660,4829
2141
1420,4862
131,6196
132,1054
7109,4699
295,5725
6072,2637
4471
6820,600
6673,6485
5016,2188
2727,6634
@dps-end:
