@rep:1
@time:3.97
@trys:494084
@seed:179424673
@dps-begin:
11026,821,3148,9167
9489,561,11673
2,7052,9756,10814
152,2731,10427,11231
2731,1165
6535,5466,1564,10141
8275,7498,9102,12462
5573,3977,10970
5157,620,8541
9760,11888,9126,12123,1631
816,11314,4678,8584,3148
7507,6709,1702,11143
1222,9259,6876,11341
4496,773,5143,6795
7440,195,11673
4067,3379,3977,1469
7138,3555,7157,11301,1098
816,11890,10121,3052,4591
7440,5943,6858,2731,10252
10432,658,10916,7751,4793,6028
@dps-end:
@rep:2
@time:3.73
@trys:480832
@seed:125164703
@dps-begin:
12010,3148,990,9167
561,7032,11913
8017,9138,1702,2215,6632
11586,2,7138,6362
10513,10251,10749
10513,8017,7586,3555,8356,9590,8223
10005,9607,8541,6158
9554,7573,10363,2859,4878
7586,7480,7052,11598
11987,3555,1271
7586,5801,1162,12123
11026,11684,7653,7032,8286
10513,8769,1881,4558
7633,4147,7396,2332,6876,12236
816,3620,2442,1564,4845
4789,12600,4476
2518,8168,5995,1758
1424,8324,4708,3640,5743
12101,6998,8572
10210,6028,3148,9548
@dps-end:
@rep:3
@time:3.61
@trys:455769
@seed:132011827
@dps-begin:
7633,2425,3148,3182
7044,8425,4476
4496,6738,3977,7500
5157,4793,9004
8279,5387,10814
10513,7203,12011,1165
12002,6994,87,9864,6858
7138,5542,1098,4733,5917
145,7507,5143,12602,2399,11103
9539,12293,3704,12123
7138,1702,1881
8324,4810,10252
6228,10548,8394,9291,926
7860,326,4252,8526
10769,9795,4852,5573
561,7498,4879
7824,2731,5839
7507,9539,3555,11684,3704,3146
10674,7803,1564,3148,5839
7586,5122,1639,1581,8541,11615
@dps-end:
@rep:4
@time:3.67
@trys:480715
@seed:124987441
@dps-begin:
7633,2425,3148,3182
11348,3182,5950
961,2050,1702,1162
297,8667,10972,1564
7052,1951
4496,561,152
6851,728,7208,4874,859
4147,3620,5157,326,1162
10324,3593,4476,8956
3379,4067,8541
7507,10251
3248,7586,11684,9787,990
3555,10245,5143,1881
8769,5139,9348,10778,11325,2046
12148,1877,7480,2046
833,5573,3014
7520,11417
8450,3555,5542,12344,3432
7536,11586,195,140,3182
7586,7138,10806,6158,1695
@dps-end:
@rep:5
@time:3.48
@trys:455577
@seed:123979721
@dps-begin:
1639,3148,9167,5839
8769,8741,6158
8769,3859,8775
1794,7138,3974,10252
561,3014,11482
10432,5157
10324,3751,2425,7387,8667
7507,10251
11778,7507,2516,2731
5795,12600,9864,4476
7746,9495,926,11983
7824,6572,11900
7520,5621,9495,728,5833,9583
4496,6535,2425,5003,316
5063,5003,1564,1165
8019,11417,11549
11511,8775,6632,3182,4878,9167
9760,12386,5802,7052,3773
1098,5083,7052,2207
12417,5542,3735,2551,4490
@dps-end:
@rep:6
@time:3.56
@trys:455626
@seed:119777719
@dps-begin:
5606,2425,3148,3182
2,10916,2007,6858,6623
5143,1098,2043
7203,11987,5695
11301,8358,8584,1785,859
3002,12011,3148,8236,10974
561,5143
10329,7498,3722
11173,10901,2425
5573,9751,10970
3010,4596,4662,3014,1469,8030
8017,6721,7138,1379,4702
7824,2731
7138,11130,6158
5122,5157
8017,8769,7099,4254
3458,8324,9397,6762,3242
10432,1098,10667,5695
2518,6950,2731
11026,1123,7803
@dps-end:
@rep:7
@time:3.79
@trys:480975
@seed:117705823
@dps-begin:
8200,2425,3148,3182
1158,10252,8894
2480,9154,4426,7052,2717
3792,1877,7302,6359,8648
3977,3148,220,3773,767
10769,1123,9416,5609,11514,1165
12002,3148,6781
7138,6626,12290
4657,961,4476,8956
5143,4793,4683,5837
561,6933,4215
6403,8133,4793,9724,11103
3379,5140,5542,6584,3931,3597
10916,10548,10251
1602,5157,3977,1370
7361,9393,728,10042,1469
10548,7572,9432,9596,4476
8769,5795,4793,859,636
8584,8989,6158
6993,6403,1977,2731,5484
@dps-end:
@rep:8
@time:3.67
@trys:468251
@seed:112131119
@dps-begin:
2425,3148,990,9167
11026,4147,7044,3722,859,7083,8894
1589,6858,4476
7140,709,2518,9596
561,4542
12417,7845,12053,12010,3148
10914,9138,1098,4476,8303
7824,289,11367,2425
401,6535,2425,3148,8014,1758
9760,10251
7052,1293,5197
5143,2425,3898,10363,4460
10432,5157
8769,1874,5140,3910,5818,620,1342,3182
8769,11233,9313,4476,8175
1776,10692,8526
2882,11417
11042,10916,10055,1098,2731,6044
12212,10916,10470,11175,2425,3242
1776,7138,981,427,9804,8541
@dps-end:
@rep:9
@time:3.52
@trys:455853
@seed:108626351
@dps-begin:
7633,3148,3182,9167
6769,4147,11571,11271
561,2279,343,1564
7824,2731
8324,7575,2046,3359
1881,11626,10252
8324,1685,7575,1881
7203,8324,1785,11596,7052
7138,8099,10324,821,4476
12146,9751,5143,11673,2397,5438
9553,7233,2425,3148,5837
7507,10251
1124,1877,2425,11514,9004,10380,12013
10513,5526,7208
10432,4898,8231
11417,3148
933,2518,11341,5231
1554,5157,11882,3005
6817,7507,6807,3704,5837
4789,7526,10329,7052
@dps-end:
@rep:10
@time:3.78
@trys:481035
@seed:107980007
@dps-begin:
7633,2425,3148,3182
561,1702,7032,5995
9539,5573,6623
728,12312,10363,4476
4147,859,926
145,3681,4147,2937,2026,8303
97,7138,6795,10316
10769,7954,4936,10363,9599
6721,709,5157,519
4496,10769,1469,5837,10398
11424,12002,11381,10252,12365
2355,1162,12123,6876,9388
9393,289,7922,6632,9787
8324,11381,87,9833,1807
8769,8471,6488,10110
593,7138,6876,10252
8791,2728,11880,7225,11886
1348,11417
7520,1639,6858,4954,6795,6876
10513,11570,5109,1785,10363,6876
@dps-end:
