@rep:1
@time:6.781
@trys:1428711
@seed:179424673
@dps-begin:
8771,9014,8438,3835,2060,4636,3679,7823
1842,13592
1841,8771,8110
9014,18086,1418
12176,21216,18104,7823
5601
12769
1842,1418,18282,12986
21216,306
16254
13317,9014
4773,18282
11956,14367
21216,16690,16807
13920,2060,12655
18104,18282
21216,13471
3336,18059,4590
20006,16807
15522
@dps-end:
@rep:2
@time:5.33
@trys:1228109
@seed:125164703
@dps-begin:
1842,9014,8438,4775,4825,2060,7823
3336,11261
13592,14139
21216,18104
11009,14367
9014,1418,2060,10877
306,2060,18236
3441,3336
13592,20079
16254
5601,2060
13920,9014,2774
2913
4414,9263
4825,9551
21216,20821,4825
4773,3997
6657,8299
9727
4676
@dps-end:
@rep:3
@time:8.101
@trys:1674083
@seed:132011827
@dps-begin:
6257,1842,9014,8438,4825,2060,13388,19901,3679,7823
3336,14139
14367
21216,18104
21216,1842,306,13747
1841,1418
12769
15201,19890,8438
8110
16254
16807,2060,16109
13920,21216,19890,9014,2060
5887
2913
5601,15618
4808,5726
4676
15007
19507,19078
5109,13471
@dps-end:
@rep:4
@time:6.25
@trys:1339616
@seed:124987441
@dps-begin:
8080,6257,8438,9014,4825,13388,2060,7823,3679
1842,13592
9014,1418
306,6068,3256
13920
3336,4975
12769
19799,219
306,18731
5601,8771
2913,8438
18104,13388,21247
16807,20108
9727,3679
7098,9263
11474,4837
4676
4808,15900
6657,6619
15522
@dps-end:
@rep:5
@time:5.07
@trys:1183422
@seed:123979721
@dps-begin:
1842,9014,8438,4775,4825,2060,7823
9010,18104,4636
8049,3336,2060
306,9014,5593
1842,1418
306,8647,18282,2060
21216,14367
5601
12769
21216,15201,20357
13920,9014,4825,20108,7823
20768,4773
1842,18282,14367
21216,2913
21216,14597,16807
19968,21216,1842,16254
16768,9014
4676
5443,13471
18771,9263
@dps-end:
@rep:6
@time:9.7
@trys:1874698
@seed:119777719
@dps-begin:
8080,19696,6257,8438,9014,4825,13388,2060,19901,7823
1842,13592
21216,3336,682
306,2060
17625,1418
5601
12769
15201,15733,18282
16254
21216,18104,18282
13317,1751
18282,14367
12229,16807
21664,2060,383
2804,4773
21216,19901,9263
21216,17213
4431
4837,1407
15522
@dps-end:
@rep:7
@time:8.451
@trys:1696339
@seed:117705823
@dps-begin:
6257,9014,8438,4775,9897,4825,2060,3679,7823
18104,4636,13388
20048,21216,3336,13722
8737,9010,1842,306
1418,13388,2060
306,9014,8438
4775,16254,7823
21216,13920,9014
8771,9014,8110
5601
21216,219
16807,22248
18600,12073
4773,11319
2913,8438
3169,14367
7066,13471
4676
12772
17213,13663
@dps-end:
@rep:8
@time:8.45
@trys:1718565
@seed:112131119
@dps-begin:
6257,1842,8438,9014,4825,2060,13388,7823,3679
3336,13722
13592,5340
17625,1418
21216,6593,18104
5601
12769
15201,6593,8435,17625
16254
21664,8771,8438,20364
1814,14367
21216,2913
4808,3500
9909,6183
13306,5340,17213
8771,20549,20821
20549,20908
20821,9515
15522
3830,5340,17213
@dps-end:
@rep:9
@time:9.491
@trys:1874657
@seed:108626351
@dps-begin:
19696,6257,8438,9014,4775,4825,9897,2060,7823
18104,7882,4636
21216,13432,3336,14139
306,2060
9014,1418
14139,2060,14367
13920,3694
5601
12769
21216,16807,9897,4636
15201,18282,10079
6610,4773
21216,2913
15201,13432
1418
13920,13016
18104,18282
9727
21216,9263
13427
@dps-end:
@rep:10
@time:12.23
@trys:2298179
@seed:107980007
@dps-begin:
19696,6257,9014,8438,4775,4825,9897,2060,7823
1842,13592
5105,1841,3336
306,17625,5593
17625,1418
5601
12769
7297,219
15201,8438,313
16254
13920,5105,4825,313,2060
6221,14367
16807,5115,2060
2913
14722,14693,18104
9727
11474,4837
4676
11364,4808
7489,6657
@dps-end:
