@rep:1
@time:1.37
@trys:437890
@seed:179424673
@dps-begin:
5608,2137,4602,6364,3757,3710,1454
3683,2749
3515,5838
2996,1149,2639
274,134
3712,2073,5661
1720,5149,6319
2242,1910
454,892,990
4044
3129
2640,2403,2615
3014,6375
3681,1467
5608,2073,2347,4477
1306,2666
2416,2465,212,4438
5876,4644,3947,2877
3186,743
134,3291
@dps-end:
@rep:2
@time:1.31
@trys:423744
@seed:125164703
@dps-begin:
6672,448,116,5608,2137,6364,3710
5718,95
2390,2749,79
2996,6813
2181,539
2233,7006,3199
5924,3207,247,2937,4959
6672,1183,3199
5500,4191
4355,2600,2397
979,2555
5758
2853,4521,5887
5346,605
3173,3146
3702,2663
2996,2807,1149
4551,4125
3933,7022
386,5818
@dps-end:
@rep:3
@time:1.37
@trys:438046
@seed:132011827
@dps-begin:
6452,116,5608,1401,4602,6364,3710
2673,3146
1153,941
2777,3723
5653,4477
5138,3891,839,1887
1456,1947
1521,2587
1286,1386,6606
4133,4694,4876
4821,6072,4953,1327
512,4705,2996
386,1976,6253
4521
1155,6071
2864,2516,2731,6891
3826,4996,4167,1594,6559
1976,5017,5644
6400,4049,5381,6538
268,670
@dps-end:
@rep:4
@time:1.21
@trys:401912
@seed:124987441
@dps-begin:
5608,4602,6364,3757,3710,1454,3951
529,1830,3689
422,7050
4914,3675,4940
1686,185
6688,3941,4406
2996,4181
5956,5415,4750
5653,5564
2471,668
6755,4153
2660,1630
3129
4816,5017,5564
4521
4388,3898
254
3221,5465
4816,1910
3108,2587
@dps-end:
@rep:5
@time:1.2
@trys:394896
@seed:123979721
@dps-begin:
6452,5608,4602,6364,3757,1454,3710
3028,5940,5543,3438
3510,1398
785,4295
274,2659,6954
6731,5644
2627,3935
2996,2615,4523
623
3129
3621,5418
1543,2491
5924,714
7059,5987,1529,1807
4512,4470
6225,1434
3888,3107,235
5987,4521
1393,5183
1434,1758
@dps-end:
@rep:6
@time:1.93
@trys:587421
@seed:119777719
@dps-begin:
6452,116,3752,5608,6364,3710,5999
2928,4293
4434,247
4624,6193,2996,4252
1653,297
1910,4282
5794,2471
4760,3659,6429,2991
1433,974
3129
2896,6770,2980
3557,3192,6319
5905,2657,235
5575,2347,1563
254
259,2666,6620
6323,3077,2421
626,3734,359
6852,4812
1541,5782
@dps-end:
@rep:7
@time:1.3
@trys:416682
@seed:117705823
@dps-begin:
5608,2137,4602,6364,3757,3710,1454
4516,6292,5564,2639
6364,2749
2996,328
3107,6292
4832,3777,3506
905,1340
2471
7082,1386,3627,1644
7046,6190
2347,3871
2089,265
2055,5608
5653,5511
2224,1153,5653
549,1925,2172,1279
3281,5477,2666
5415,1497,6574
2750
5397,2055
@dps-end:
@rep:8
@time:1.18
@trys:380912
@seed:112131119
@dps-begin:
116,6695,5608,3752,1401,6364,3710
3712,3027,5987,1493
1830,6508
1779,5268,1495,4650
2163,6499,7050
4998,941
1907,2471
5956,5741,2671
1314,4614
5488,3081,3293
3568,4323
5608,5416,1321,858
5488,3875,406
3415,254
5197,6270
4038,6090
5531,5724
6256,5994,5167
2482,4891
3297,4454
@dps-end:
@rep:9
@time:1.23
@trys:402112
@seed:108626351
@dps-begin:
116,6452,5608,4602,6364,1454,3710
3953,6787,2623
6256,2370,2996,1055
4784,5874,3107
2896,1100,524
1832,717,4734
1830,486
3088,2152
3152,6185,4778
2640,396,3966
6856,5673
3129
5350,318
5888,2353,5486
1259,4044
3249,4130,4058
2755,2749
660,2345,2459
3712,790
3668,2910
@dps-end:
@rep:10
@time:1.41
@trys:459275
@seed:107980007
@dps-begin:
6452,1300,5608,4602,6364,3710,1454
6755,4523
6307,5543
4295,5784
4434,198
2055,1103
6688,4994,2390
4914,2965,1579
530,4772,1949,318,526
3524,2519
4521
2321,4696
2885,5560
3129,5901
3510,2055
4592,1112
2403,5481
1366,1769
3568,4899
6208,3416
@dps-end:
