@rep:1
@time:3.971
@trys:493430
@seed:179424673
@dps-begin:
11026,821,3148,9167
5170,87
8017,8199
1424,8017,10529
784,11417
9393,3704,11768
4067,3379,12235,2444
8562,9887
7354,10252,9759
11219,9817
6993,7875,6632,506,9551
1617,3379,9452,6204
9346,11123,9926,4476
10363,926,10959
161,9954,3557,7228
10432,3864
7722,3162,9866
10252,10028,9167
343,10393,3242
8192,8730,2731
@dps-end:
@rep:2
@time:3.69
@trys:480589
@seed:125164703
@dps-begin:
12010,3148,990,9167
3346,10692
7812,3417,1054
11514,6606,10863
7843,10509,3695
7843,2835,11035
4902,2425,12010,3355
214,4542
8017,3555,10970,11070,9326
1857,9554,3779,7573,10252
10984,2442,2171,1564
5573,2215,3773,2093
4496,7236,10055,4079
10614,8060,8541
11586,8932,7208,9096
8266,12602,5837,3565,10110,2430
4340,7575,10252
11698,11987
1716,63
2688,307,4254
@dps-end:
@rep:3
@time:3.61
@trys:455368
@seed:132011827
@dps-begin:
7633,2425,3148,3182
11969,3590,1098
8192,2271
464,8370,3555,8823
6228,214,3881
5009,5140,4252
4594,8425
12465,11231
10835,326,12312,4879
1568,11417,10814
7824,6994,9138,4116
10692,5157,2838
10251,10589
9866,7003,926,5102
10769,2242,4820,11639
10251,7231
4369,10418,2518,2046
3712,11987,8324,11068
3046,5526,8492,3148
12096,8133,6597,6525
@dps-end:
@rep:4
@time:3.732
@trys:480661
@seed:124987441
@dps-begin:
7633,2425,3148,3182
6873,43,63
8562,8951,8381
11698,15
8165,5157
7684,2022,926
9268,214,1695
5267,10692
11552,7536,3640,9551
9154,2582,7722
8192,8266,3935
11888,10404,1382,2075,5387
773,9994,859,10589
2980,5577,3277
10769,1511,728
4340,10005,2271
8915,1268,8086
561,10551,10509
3200,11778,5983
11173,4476,1054,9759
@dps-end:
@rep:5
@time:3.56
@trys:455325
@seed:123979721
@dps-begin:
1639,3148,9167,5839
561,10589,7374
307,2772
3234,11219,5418
12224,4708,12198,12462
12002,11042,423,5983
63
3184,1461,5143,3405
8017,9596,5677
2339,2476,926
7138,4725,10358,4567
11888,561,11279
10053,1685,859
100,5573,120,7354,10363,6493
7476,5157,6007,3946
5143,9596,1102
881,7396,10470,4936,2842
6065,309,5157
12370,4147,11549
11778,11381,10171
@dps-end:
@rep:6
@time:3.64
@trys:455545
@seed:119777719
@dps-begin:
5606,2425,3148,3182
4793,63
5143,10315,6430
7824,1639,2731,10636
10548,4553,5484
5170,6356,9704,6939
4252,1181
5584,5143,6623
12481,3417,2270
3107,6676,9704,9599
2355,6359,9272,10251
8769,11575,636
8019,214,1271
6625,1577,7725,8413
10529,6028,1727
9540,3174,5526,10679,9167
3557,7208,11417
7001,793,7467,1165,3726
4496,6187,4079
561,11156
@dps-end:
@rep:7
@time:3.79
@trys:480690
@seed:117705823
@dps-begin:
8200,2425,3148,3182
10529,5609,11050
10692,7812,4382
7684,5421,11150,3918
2072,11514
3641,9787,1165
11219,2585,2332
2688,885
8934,1881,9817,1372
11514,10863
5801,5983
3477,3417
961,4116,8254
12148,8199
10385,2772,967
7171,8086
3504,10531,8584,11417,8236,10684,12319
7824,4147,4252
10080,1881,2842
2660,11156,3242,4236
@dps-end:
@rep:8
@time:3.67
@trys:468010
@seed:112131119
@dps-begin:
2425,3148,990,9167
10692,5526
4869,11417,10959
7138,10251,7870
11219,9319,3546,10239
5811,7476,84,3148,11485
10548,8138,4542
12123,10589,4782
11809,3590,2731,9631
2688,6933
8960,11175,2072,5837
6769,11133,10509
7191,427,10605,8254,559
2518,10730,8206,926
9495,3800,1370,5983
10336,8572,4414
11888,7233,8275,7305,10875,7551
577,3859,7396,5542,4542
5377,2,8076
4578,5510,4553,3483
@dps-end:
@rep:9
@time:3.531
@trys:455285
@seed:108626351
@dps-begin:
7633,3148,3182,9167
8019,1237,214,1772
10251,10589
11219,1271,10569,3052
195,10692
297,990,10863
4067,8199
11514,7067,10171,3822
11283,11417
4657,561,8084,2518,11103,9583
561,5833,10509
5170,11882,8223
8192,246,2731
973,12414
8076,6892,1165
8324,11882,6683,4236,5839
4067,3379,6709,10023,10251,3309
1840,6535,10110
6993,1639,1066,11070
8498,11586,8620
@dps-end:
@rep:10
@time:3.78
@trys:480625
@seed:107980007
@dps-begin:
7633,2425,3148,3182
12609,11417
11219,6892
8017,561,6406,2831
10513,3622,10171,10363,878
5542,4295,9018
10692,8629,10421,5802
8661,3417
6228,2518,10509
10984,12170,2046
10514,4594,5958
289,4738,1639
885,12239
5157,5983
2389,9751,8919,702
961,6225,1522
2688,4147,6454,2425
3792,7575,10393
5059,8730,4236,11103
291,1123,87,5562
@dps-end:
