@rep:1
@time:2.2
@trys:481653
@seed:179424673
@dps-begin:
4214,6102,2247,4360,4137,3322,3660,4829
4214,4137,6255
7100,909,6031
1185,4116,5188,1558
218,3660,4829,3374
2021,4360,2184,1306,476
5236,5188,4261,4137,1564
5188,1941,5721,218
2080,4214,312,4137
2450,293,312,2266,4188,6031
1185,5236,6102,2184,3593
5721,5001,7100
6034,6102,1738,1755,158
3895,2184,970,218
2450,2021,4214
3895,218,4076
1777,657,2266
1650,583,4137
4677,4360,4137,5437
5236,6102,4360,607
@dps-end:
@rep:2
@time:2.28
@trys:495987
@seed:125164703
@dps-begin:
4214,6102,2247,4360,4137,3660,4829,4207
4214,7100
4137,218,1084
2210,5188,4214
1298,5721,1386,4875,1084,3660
4214,2266,3821
1200,6243,3382,218,4875,4829,909
389,3754,4188,3660,1340,4829
1953,2247,4360,5721,4829
2450,4441,6255
3762,4441,4875,1084
2210,3895,4875,1084
2080,3623,2202
312,280,1081,218,3660
325,4214,2230,1257,2073,4188,6255
2450,5603,4441,2266,4366
1185,2466,2660,5721,4137,1755,4875
4137,5721,4188,3660
3660,3821,4829,189,4207
2193,1953,5236,1306,3754,1340
@dps-end:
@rep:3
@time:2.274
@trys:488907
@seed:132011827
@dps-begin:
2021,4214,2247,2184,4360,4441,1084,5807
4214,4360,4441
2193,5188,4214,4441
5236,2119,2184,6905,4137,5402
1152,2184,218,5807
4214,5816,5370,2266
1152,5669,4137,5437,6031
4137,7100
1425,4116,6584,4318,6031
5188,2647,1319,4188
6102,618,1755,3131
1185,2450,4484,572,1438
2404,2021,325,1306,218
160,1650,2450,3508,158
2450,2728,5807,6031
3031,4137,218
2450,6102,572,4188
2401,4116,1876,4105,4441
4916,4484,3895,5721,1693
2080,6584,4318,6031
@dps-end:
@rep:4
@time:2.08
@trys:460261
@seed:124987441
@dps-begin:
4214,2247,760,4360,2184,1289,4441,1084
4214,1084,6255
2193,5188,4360
3442,3895,6649,1289,2857,5983
1777,7100
5603,218,2266
6386,2450,4137,4441,478
1777,532,2266,4619,1084
4360,1289,218,5983
4677,4441,218,1708,956
5188,6309,312,4441,6281
1650,1876,218,4619
5188,4116,2021,572
2080,4137,6255
1217,6102,1755,4318
2450,4486,7000,7100
3284,325,6582,5782
5236,1755,1084,1438
1777,4295,3895,312,2266,3821
2450,6102,1084,3821
@dps-end:
@rep:5
@time:2.07
@trys:474202
@seed:123979721
@dps-begin:
4214,2247,4360,4441,3660,4829,5807
2184,6584,1084,6255
7100,1020,4142
1777,4214,2266,431
6401,3508,213,4214,2247,4441,842,332
1777,2247,4360,5807
2266,6255
2080,1777,2210,956
2210,4360,3660,4829
1650,4137,478
2660,4214,5437
1876,3382,3895,5370,1755,2941,6255
2450,4137,4732
1777,5188,4829
2450,1020,478,5807
4137,3660,956
2660,4137,4829,5807
5282,5188,3382,3660,5807
4116,5188,735
2450,4732,1438
@dps-end:
@rep:6
@time:2.11
@trys:474623
@seed:119777719
@dps-begin:
4214,6102,2247,4360,2184,4441,5807
4214,4137,6255
5188,4214,4137
2401,581,1084,6255
7100,5983
2247,2266,6255
4116,5188,5752,3067
2132,4295,2184,218,5807
2021,3895,6255
1650,5188,5547,572,3821,5983
2450,1875,4758,4214,6424,6810,6685,6255
2450,4069,5034,956
5236,6102,6582,4441
5188,218,4829
2450,6102,4360
2132,5236,2247,4360,5807
2450,6582,2380,5983,5807
5188,3895,3596
5188,2119,5594,4829,431
2450,2119,4360,2266,2475,236,6031
@dps-end:
@rep:7
@time:2.13
@trys:488752
@seed:117705823
@dps-begin:
2003,4214,6102,4360,4137,3660,4829
5188,4214,218,2126
6582,1306,7100
6102,4137,6255
4116,5188,5094
1306,218,572,3660
4214,2184,588,4829
5393,2450,5370,3067,956,909
2080,588,909,6255
4360,4137,3660
5236,4261,4360
4261,1081,1755,572,3596
4214,3895,170,3660,158
1410,4116,6582,4360,4207
5236,6102,4120,264,812,1438
5188,4214,43,6255
5091,5188,4261,4829
2450,5370,956
2266,218,5983
2003,5236,4137,6537
@dps-end:
@rep:8
@time:1.79
@trys:410911
@seed:112131119
@dps-begin:
2003,4214,2184,4360,1289,4137,4829
32,5188,4214,680,6255
2193,3623,7100
5188,1084,6255
1185,5188,4214
6102,4137,4142
1185,3660,4829,2287
3972,3076,680,4360,218
32,1873,1185,2210,5236,918,4441,4223
4116,5188,2021,4295
6102,4360,4829
2003,3076,1289,218,1116
3972,5188,4137,7117,4142
4358,2266,1438
3762,3076,5236,218
3762,3623,4441,3660,4141
2003,4214,6102,3660,2046
2193,4235,3660,1084
2080,389,4829,6255
6102,1755,1116,4829,4526,6255
@dps-end:
@rep:9
@time:1.93
@trys:438798
@seed:108626351
@dps-begin:
4214,6102,2247,4360,4137,3660,4829,6255
4214,4360,2184,3224
2193,5188,4441,1084
3382,5721,7100
2288,5603,4214,503,2266
5188,4116,6031
6102,4360,5468
5236,4137,1999
6262,2119,2266,1020,5468
1777,1876,3895,2119,478,6031
1536,7100,3821,431
6262,5959,2247,4441,3660,1999
2450,842,1084,158
5188,5721,1306
5236,218,1084,158
6102,3895,2119,6669
2450,6102,5959,1755
5188,3895,2587,3694
1200,6034,5188,43
2475,2587,7100,6031
@dps-end:
@rep:10
@time:2.4
@trys:531714
@seed:107980007
@dps-begin:
2804,6102,4214,2247,4360,4137,3660,4829
5188,4137,4875,2495,6255
4214,4829,6255
5571,3076,5721,1322,7100
1650,5188,4214,4441
2210,6102,4214,5437,6255
528,2266,6255
2080,6353,4214,5782,4137
6102,4360,3660
2723,2247,4360,4441
5188,4758,4214
3426,4137,5721,3660
5188,3660,4829,4318
1107,6102,4441,3660
3426,6102,1755
1608,7100,956
4116,1620,5188
2017,5188,6037,4214,43
2017,2247,2184,3660,956
1107,3895,4137
@dps-end:
