@rep:1
@time:3.09
@trys:1174277
@seed:179424673
@dps-begin:
978,9570,2579,6326,9976,2665,8415
97,7828,2665,4042
7828,9976,2665,8415
97,6065,2579,2665
97,2665,4042
8609,978,7828,2665,8415
6169,5050,5086
5808,9572,7199
6004,2665,9675
7974,9976,2665,1706
8691,2665,9675,6220
6004,6326,7592,9976,2665
1059,2579,2665
6326,2665,7114,5086
6326,9976,2665,7199
9974,6326,2665,2251
6004,7828,7974,9976
9974,6073,7114
7009,1682,2665
1059,8006,2251
@dps-end:
@rep:2
@time:2.87
@trys:1113884
@seed:125164703
@dps-begin:
9570,6326,9976,2665,2095,8415
6326,7880,9976,8415
7114,9675,5086
6326,4935,7880,1983
6326,9976,2665,4042,8415,7199
97,9570,2665,4042,763
8609,2579,6326,2665
8609,8006,6169
6326,4935,7880
9570,6326,9976,4042
6326,9976,2665,6380
4978,2174
709,9161,6380
8609,9675,5086
6326,763,2029,9022
9572,4042,7199
2665,7114,7199
7880,9675,7069
9570,6326,9675,6380
7880,2665,4042,9022
@dps-end:
@rep:3
@time:1.56
@trys:638776
@seed:132011827
@dps-begin:
978,1059,2579,21,2665
8609,9368,6537
2665,7114,9675,7069
8609,2579,6326,7880
97,6065,2579,6326,2665
6326,2665,7372,7199
97,7592,7880,2665
97,9572,1721,2603,814
8609,1682,9161,6169
5363,7880,2665
5569,9570,2579,1059
97,4717,8317
8609,8002,2665,2174
9161,9915,5982
8609,8006
9368,2665,1150
8609,9867,3579
2665,9675,7372
8609,2579,9022
978,2579,7031,9368
@dps-end:
@rep:4
@time:2.39
@trys:931771
@seed:124987441
@dps-begin:
8609,9570,978,2579,6326,2665,8415
9570,6326,2665,9548,8415
10069,2665,7114,9675
6004,6326,6921,2665,9867
97,8852,9572
6326,2665,763,8415
8609,2579,2665,8415
8609,8006,6169
8609,6326,7031,2665
97,9570,6326,4042
9368,5982,2174
6099,5701,6326,2665
2665,4042,9548,9022,7199
9161,9915,5982
8609,97,7031
6326,5982,1983
8609,3579,9867
97,6326,6073,4042
8609,9682,8317
6326,9368,9548
@dps-end:
@rep:5
@time:2.06
@trys:811170
@seed:123979721
@dps-begin:
9570,6326,9976,2665,2095,8415
2665,7114,5050,9675
97,2579,7592,2665
9570,5876,6326,7353
9570,2665,2095,8415
1682,6169,8415
9572,3364,2665,4042
8609,6326,6073,2927
8609,6326,2665,7372
6326,9368,8415
8609,9570,2579,8317
9368,9976,2665,2095
97,9570,5876,7353
5876,6326,9976,2665,4042
8609,6326,6846,8415
5876,7353,2665
8609,8006,8317
6326,5511,9368
97,2665,7372,6846
5876,7353,2665,2029
@dps-end:
@rep:6
@time:2.09
@trys:800281
@seed:119777719
@dps-begin:
8609,978,9570,2579,6326,2665,8415
5363,6326,7880,8415
97,2665,7353,8415
6326,9976,2665,8415
7114,9675,5086
97,8852,9572
6326,9976,2665,1706,2236
2579,7880,8171,8415
8609,2579,2665,8415
5233,2422,9161,6169
8609,97,2579,2174
97,2665,1983
2579,1059,2665
6326,2665,5982,8415
8609,5670,8006
9572,7880,1721
8002,2579,7880,2665
7880,2472,7353,5982
9682,6762,8317
8609,9368,2472
@dps-end:
@rep:7
@time:2.24
@trys:850806
@seed:117705823
@dps-begin:
8609,978,9570,2579,6326,2665,8415
7114,9675,5086
97,9570,7592,2665
9572,6326,7592,7199
5363,6004,7880,8415
6326,2665,6073,2927
8609,978,2665,8415
8609,2579,6326,8415
4978,2174
97,6099,7592
5363,7880,9022
5363,7880,2665,6073
8609,6326,6169
2665,6762,8413,8317
6004,7974,8317
8609,8006
7592,9675,7069
6326,7114,7199
10069,7114,4715
8609,2579,9022
@dps-end:
@rep:8
@time:2.5
@trys:952440
@seed:112131119
@dps-begin:
9570,6326,9976,2665,2095,8415
6326,2665,7353,8415
8609,2579,8006
7353,7114,9675,5086
97,9572,8852
9161,9915,8415,2095
9976,7880,2665,8415
978,9976,2665,2095
9570,7880,2665,9548,2095
978,2579,6326,8415,2095
8609,978,9570,2665,8415
4996,7880,7353,9022
8922,7114,7199
2579,7880,8415
97,2665,1983
6326,9368,8415
6326,9976,2665,7199
8609,2579,9976,2665,8317
97,7880,8415,2095
97,978,9570,2579
@dps-end:
@rep:9
@time:1.89
@trys:739907
@seed:108626351
@dps-begin:
9570,6326,9976,2665,2095,8415
97,6326,7880,2665,4042,8415
8609,9368,2665,8415
6326,2665,8415,2095
7114,9675,5086
9570,5876,6326,7353
1682,6169,8415
2579,7031,7822,2174
8609,97,2579,2174
214,9867,8317
5363,6326,7880,2095
9570,5876,2665,8415
9570,7880,8415,2095
97,9572,2029
2665,7114,6110
7114,2251,7199
97,5233,2579,7880
2834,2665,5982
8609,8006,7318
6514,5511,9867,8317
@dps-end:
@rep:10
@time:2.51
@trys:952437
@seed:107980007
@dps-begin:
9570,6326,9976,2665,9548,2095,8415
6326,7114,9675,5086
97,2665,9548,8415
6326,7880,8415,2095
7114,9675,5086
97,5363,4935,7880
97,8852,6326,2029,2095
8609,2579,6326,2665,6846
8609,2579,2665,8415
4978,2665,2174
8609,8006,2665
5363,6004,7880,8415
2579,6169,8415
2665,2251,7199
8609,2579,5701,7199
5363,7880,2251
2665,763,8415
2665,7689,9675,8415
6326,7517,8317,8415
6326,4935,7880
@dps-end:
