@rep:1
@time:0.21
@trys:109419
@seed:179424673
@dps-begin:
1985,1354
1991,588
1985,2276
1632,1985
1681,1985
1934,239
562,1934
1985,2054,2127
1985,2098
1985,357
1985,1090,1258
2054,1951
1456,1985
1985,483
2054,1127
1571,2054
1735,1736,588
1985,1432
1985,2109
1985,1912
@dps-end:
@rep:2
@time:0.18
@trys:100067
@seed:125164703
@dps-begin:
1985,2054
1985,77
1670,1735
1354,106
588,239
1985,2081,1735
1681,1985
562,1934
1985,255
1985,1735,1198
1632,1985
1354,842,1404
1985,1203
1985,1432
1985,2222
2128,1985
1985,388
1985,372
1985,1098
1985,1836
@dps-end:
@rep:3
@time:0.2
@trys:104655
@seed:132011827
@dps-begin:
1985,2054
1985,1291
1985,2276
1632,1985
1670,1735
106,1354
1985,842,1934
562,1934
1985,1080,1354
1354,1034
1985,1354,2222
2054,1127
1258,588
1354,1550
1090,588
1985,1605
2054,1098
1985,372
1985,2109
1985,1140
@dps-end:
@rep:4
@time:0.2
@trys:113797
@seed:124987441
@dps-begin:
1985,2054
1985,2003
1670,1735
1985,1421
1985,1354,1373
1632,1985
106,1354
857,1354,1550
1985,2187
1538,857,1354
562,1354,588
1985,1432
1985,2222
1985,1707
449,2054
1985,2109
1985,1912
2128,1985
1985,1140
1985,372
@dps-end:
@rep:5
@time:0.19
@trys:102436
@seed:123979721
@dps-begin:
1985,2054
1354,1646
1991,588
1681,1985
1632,1985
1985,2276
588,239
562,1934
1354,106
1985,842,588
1670,1735
1985,357
1735,392,1354
1354,1034
1985,1432
1985,372
1985,2109
1985,1098
1985,1836
1985,1605
@dps-end:
@rep:6
@time:0.2
@trys:102406
@seed:119777719
@dps-begin:
1985,1735
1985,994
869,2054
1985,357
435,2054
1354,106
2054,1670
1354,1646
1985,2187
2054,600,1354
2054,1354,1951
1258,588
1985,1571
1985,1140
372,2054
1985,1201
1985,1836
1985,1098
1985,1261
1354,588,239
@dps-end:
@rep:7
@time:0.18
@trys:97820
@seed:117705823
@dps-begin:
1985,2054
1985,357
1034,1354
1985,1291
1934,239
562,1934
1670,1735
1681,1985
1985,1354,2222
1985,2187
1735,392,1354
483,2054
1735,1127,1354
1258,588
1090,588
2128,1985,2054
2054,1098
1985,1422
449,2054
1985,994,1354
@dps-end:
@rep:8
@time:0.2
@trys:104748
@seed:112131119
@dps-begin:
1985,1735
1985,357
435,1354
1985,2276
1670,2054
1985,994
2054,1354,1951
1681,1985
1934,239
1985,1467
1985,1736,1258
2054,392,1354
1073,1354
1985,255
2054,566
1571,2054
1985,1836
372,2054
1985,2109
1985,1354,1215
@dps-end:
@rep:9
@time:0.2
@trys:109401
@seed:108626351
@dps-begin:
1985,1735
1934,239
1985,435
1985,1681
1985,994
2054,1670
1985,2187
1985,255
1985,1258,1934
2054,600,1354
1985,659
1936,1985,1354,1934
1073,1354
2054,1951
1985,372
2003,1354
1985,1836
1985,2109
1985,600,588
1985,1140
@dps-end:
@rep:10
@time:0.19
@trys:102373
@seed:107980007
@dps-begin:
1985,2054
435,1354
1985,1681
1985,2187
1934,239
1985,1291
1936,1354,588
1670,1735
1034,1354
562,1934
1985,1954,1354
1985,1080,1354
1258,588
1985,1261
1985,372
1985,1707
1985,1912
2054,1098
1985,1422
1985,1836
@dps-end:
