@rep:1
@time:1.76
@trys:380738
@seed:179424673
@dps-begin:
4214,6102,2247,4360,4137,3322,3660,4829
2404,312,5721,431
4116,325,4486
956,7100
5377,1438
4838,43
1312,4642,3895,1306
544,5713,2506,4318
4116,1094
6737,1650,5828,1293
4629,5765,4360,2266
1841,4484,892,431
2946,218
5026,729,3596
2700,6031
3978,1755,4318,527
2193,4266
2465,1777,218
325,5708,5646
2210,2872,3162
@dps-end:
@rep:2
@time:1.84
@trys:395029
@seed:125164703
@dps-begin:
4214,6102,2247,4360,4137,3660,4829,4207
4214,1081
7100,4829
2080,5188
4482,6243,1755,5437
6699,636,5983
1124,87,2266,1084
2080,4402,4919,4441,7100
5713,5236
2210,4741,733
2021,4266,3374
3623,5983,5599
6737,6659,4214,4838,1340,3374
5270,1465
1312,3895
1777,1829,892
6006,2266,5034,2570
2080,4768
2534,43
3062,2230,2536,2252
@dps-end:
@rep:3
@time:1.74
@trys:373949
@seed:132011827
@dps-begin:
2021,4214,2247,2184,4360,4441,1084,5807
1217,4214,5688
3482,7100
1312,3810,5188,1257
4214,2266,2815
5270,5742,5215
5985,1650,2247,6031
5188,888,1433,6841
1301,6699,3932,1693
2660,2975,1887
6659,1094
6228,2266,236
2541,5951
4748,956
218,2685
5188,1124,4072
1217,3770,5599
768,6792,618,5370
2033,1777,892
1796,389,3623
@dps-end:
@rep:4
@time:1.6
@trys:352226
@seed:124987441
@dps-begin:
4214,2247,760,4360,2184,1289,4441,1084
6448,5393,7100
2660,4214
1217,6300,572,5951
3031,4200,5547
160,6737,1529,3821
5765,5721
3442,5188,5545,1755,3821
2193,3273,4748
1841,5569,218
1650,6818,4758,6699
5094,956,892,2541
5026,5236,1306
5142,107,2975
440,1755,1563
1301,4214,1515,892
4116,1130
4741,6981,3115
570,895,5215
4210,3031,4266,2172
@dps-end:
@rep:5
@time:1.59
@trys:366297
@seed:123979721
@dps-begin:
4214,2247,4360,4441,3660,4829,5807
2210,4214,4521
1020,4748,6685,1711
2465,1251,6243,1438
676,6699
4484,134,2266
4360,169,107
5782,5951
2193,892
5188,4200,1243,3997
1796,3382,4680,956
5377,2458,1742
657,1124,4120
1298,6818,6535,2700
1200,2570,124
4192,676,3031,7117
4116,1928,1162
4768,4983,956
5828,1124
482,2975
@dps-end:
@rep:6
@time:1.6
@trys:359681
@seed:119777719
@dps-begin:
4214,6102,2247,4360,2184,4441,5807
5828,7100
5721,1020
956,3646,2975
4116,373,1755
1858,6699,572
5921,4210,4116
5188,4200,1322
2465,291,1829,3469,6877
2033,5270
1777,1875,1428,4827,4619,4732
6737,2193,2341,892
1312,3895
1124,6102
4634,2700
437,6102,6685
2266,5756,1679,5183
3329,4214,1111,2685,1150
2465,6259
657,299,4732
@dps-end:
@rep:7
@time:1.62
@trys:373564
@seed:117705823
@dps-begin:
2003,4214,6102,4360,4137,3660,4829
4214,6584
1306,7100
3059,4116,4188
4402,1107,5236,1438
4087,2266,3374
5713,373,4250
3059,4116
5011,3161,6857,7117
1312,1755
5665,2279,3821,3183
482,6102
5979,2975
5603,892,1229
5011,5188,6299,1887
5713,3827,676
4484,6699,6334,2975
240,3131,3148,4028,4748
5316,1236,107,3965
5270,6762
@dps-end:
@rep:8
@time:1.35
@trys:309297
@seed:112131119
@dps-begin:
2003,4214,2184,4360,1289,4137,4829
2193,4456,7100
4214,4076
1124,956
2872,5979
1152,4801,6100,6220,5772,5951
4116,218,4365
1312,2210
6659,4116,2741,6857,6685
3442,4744,2142,6767
4192,5665
5377,597,4347
6873,5545
5188,107
2389,5215
5571,5348,2587
1251,6699
1558,4360,3978
440,2570
1618,43,459
@dps-end:
@rep:9
@time:1.5
@trys:337707
@seed:108626351
@dps-begin:
4214,6102,2247,4360,4137,3660,4829,6255
291,5001,7100
4214,200
1200,5270,2266
4116,3895
1312,657,3827,4441,4076
5188,3275,4748
1124,4441,6334
4741,1020
4116,1094
5665,6584,956
369,2449,427,4748
6228,3076,629,2872,4137
6309,3895,3854
2671,5951
5603,4619,892
6737,2450,3013,1510,5979,2252
4484,6102,599
5026,5094,1340
4192,1417,107
@dps-end:
@rep:10
@time:1.87
@trys:416464
@seed:107980007
@dps-begin:
2804,6102,4214,2247,4360,4137,3660,4829
5721,7100
2753,4214
2193,1414,4748
1124,572
1312,532
2048,528,5951
6754,4116,1755
3059,2266,5979
482,6102,4829
107,2287
5370,107
5240,4200,956
2184,4120,2266,1130
4581,5270,4103
5094,3978,158,6047
1650,3004
7117,5437,1438
2212,956
4898,4732
@dps-end:
