@rep:1
@time:6.91
@trys:1429795
@seed:179424673
@dps-begin:
8771,9014,8438,3835,2060,4636,3679,7823
8737,9014,3336
15201,8438,7882
8737,306,3256,4636
13920,9014,4988
9014,1418,2060
1841,18104,4636
1842,16254,7823
13920,3256,2060
10309,14367
15201,8771
8438,16807,2060
1841,8771,8110
6657,8771,2060
9014,17213
12769
5601
21216,219
4775,1418
21216,16807
@dps-end:
@rep:2
@time:5.29
@trys:1206260
@seed:125164703
@dps-begin:
1842,9014,8438,4775,4825,2060,7823
8737,9014,3336,4636
1842,13592
9014,4825,1418
8737,306,4775
8080,2060,16254
17845,18104,2060,4636
8080,16254,7823
15201,8771
21216,13920,9014
11009,18104,18600,7882
11009,14367
8080,8737,8110
21216,6657,8771
17845,13592
16807,2060
5601
12769
21216,219
21216,16807
@dps-end:
@rep:3
@time:8.404
@trys:1697271
@seed:132011827
@dps-begin:
6257,1842,9014,8438,4825,2060,13388,19901,3679,7823
8737,9014,3336
15201,8438,9014
9014,4825,1418
8737,1842,306
13920,9014,4825
219
1842,16254,7823
8080,13592,5593
15201,8771
13592,7823
21216,18104
9544,14367
8080,8737,8110
6657,13388,2060
16807
1751,16254
2060,13772
12769
13373,14367
@dps-end:
@rep:4
@time:6.42
@trys:1340940
@seed:124987441
@dps-begin:
8080,6257,8438,9014,4825,13388,2060,7823,3679
8737,9014,3336
15201,8438,7882
13920,5105,3679,1775
9014,1418,1775
306,9014,1775
21216,1842,16254,7823
6257,18104,14139,2060,11261
13920,12233,1775
14367,7823
15201,8771
8438,16807
8080,6065,13592
8080,8771,8110
219,5726
5105,18104
6657,2060,3679
7882,17213
5601
4837
@dps-end:
@rep:5
@time:5.81
@trys:1295957
@seed:123979721
@dps-begin:
1842,8438,9014,4775,4825,2060,3679,7823
8737,3336,18731
15201,8438,18731
9014,4825,1418
13920,5105,4825
8737,306,9014
18104,2060
8737,1842,16254
19660,14367
15201,8771
21216,18104
8438,16807,2060
14368,4775,13592
1842,2060,8110
21216,6657,2060
1842,17213,3679
5601
12769
19799,14367
15201,19660
@dps-end:
@rep:6
@time:9.591
@trys:1875465
@seed:119777719
@dps-begin:
8080,19696,6257,8438,9014,4825,13388,2060,19901,7823
8737,4775,3336,7882
15201,9014,8438
13920,4825,8814
9014,4825,1418
8737,306,4775
18104,14139,2060,4636
15201,11882,13722
8080,7882,16254,7823
8771,14367
13592,5593,14139
21216,18104
8438,16807,19901
12229,14367
8737,8814,8110
11882,219,13324
6657,2060,13388
5601
4837
20821,8438,19901
@dps-end:
@rep:7
@time:8.72
@trys:1741946
@seed:117705823
@dps-begin:
6257,9014,8438,4775,9897,4825,2060,3679,7823
9014,3336,1775
15201,9014,8438
13920,5105,4825,3679
8737,306,4775
9014,1418,1775
1841,18104,4636
1842,16254,7823
2060,14367
15201,8771
13920,9014,14139
8438,16807,2060
9014,13592,11035
16384,4773
8771,9014,8110
5105,18104
6657,2060,13388
8438,15946
12769
5601
@dps-end:
@rep:8
@time:8.87
@trys:1764223
@seed:112131119
@dps-begin:
6257,1842,8438,9014,4825,2060,13388,7823,3679
2960,8737,9014,3336
15201,8438,9014
8737,306,17625
9014,4825,1418
1842,18104,2060
13920,9014,3679
21216,2148,16254
8771,219
8638,14367
15201,8771
13592,7823
5105,16113,2060
8737,6657,9014
4825,13388,8110
5105,18104
4808
5601
8054,14367
12769
@dps-end:
@rep:9
@time:9.84
@trys:1920138
@seed:108626351
@dps-begin:
19696,6257,8438,9014,4775,4825,9897,2060,7823
8737,9014,3336
15201,8438,9014
8737,306,4775
13920,5105,4825
1842,9014,4825,1418
18104,2060
1842,16254,7823
7198,14367
1842,13592,16302
15201,8771
18104,11035,2060
8438,16807,2060
9014,4825,8110
219,3694
19696,6657,8771
5601
12769
5105,12888
4808,3694
@dps-end:
@rep:10
@time:8.67
@trys:1741596
@seed:107980007
@dps-begin:
6257,8771,8438,9014,4825,13388,2060,7823,3679
8737,3336,7882
15201,9014,8438
8080,18104,4636
8737,306,3256,4636
13920,9014,4825
9014,1418,2060
21216,7882,16254,7823
13722,14367
13920,1751
17625,16254
21216,18104
5248,13592
13798,8110
6657,8771,3679
16807,2060
5601
12769
21216,4773
219,6221
@dps-end:
