@rep:1
@time:0.78
@trys:242420
@seed:179424673
@dps-begin:
2336,2465,5603,6964,3093,4952,3161
6528,2465,5603,6964,3093,3161,2445
6528,6964,1961,2585,3161,2090,2445,2446
2336,6964,4952,2585,6527
2465,6964,5109,3093,3161,4203,6527
2465,6964,5432,1099,6749
2465,5603,6964,500,3161,1661,2446
496,144,4098,6964,4952,5432,1931
6964,3029,5432,2585
3682,6964,4952,249,2585,6527
2336,2465,5603,2355,4084,5432,6527
2465,6964,852,2585
6528,2336,1939,6964,3161,6527
2336,4952,3161,6749,6527
2465,1939,6964,2585,4937,2090,2445
385,1939,6964,5432,3161,1931
2465,6787,6964,3093,1799,1961,4203
2465,5603,1923,6964,3093
385,4402,6964,299,6749,6527
2482,6964,3161,2090,6527
@dps-end:
@rep:2
@time:0.84
@trys:249550
@seed:125164703
@dps-begin:
2336,3682,6964,4952,3161,6527
2465,385,2743,3161,4203,1661,6527
1186,6964,500,5432,3161,1931,6043,6527
6528,3682,6964,3161,6043,6527
2336,3682,5603,2743,4952,5432,3161,1961,2125,5821,6527
3168,3696,2465,6964,376,5432,4459,4203,1931,6527
1186,6964,2295,4952,5432,3161,6043,6527
2465,3779,852,6964,5284,5286,3161
3714,3682,6964,4937,3161,6043,6527
3779,6964,2008,3161,1034,6527
2336,3906,3779,4952,3161,6043,6527
2336,2465,6964,4952,3161,1931,4879
3682,4727,2743,4952,3161,1661,6527
2336,4098,6787,6964,3161,6043,4203,6527
3168,6257,6964,3161,6043,3342,6527
2336,2465,6964,3161,3978,6043,6527
2465,1186,500,3093,4679,2743,4952,3161,6043,3342,6527
2336,496,2465,3682,6964,3029,4952,5432,6527
3696,6964,3029,3161,6043,6527
2336,5603,6964,3161,6527
@dps-end:
@rep:3
@time:0.841
@trys:256680
@seed:132011827
@dps-begin:
496,2465,1939,500,6964,2743,2585,6043,460,6527
6964,2585,1961,3161,5420,6527
144,2465,5603,6964,645,2585,1961,4937,299,1661,6527
496,2465,6964,4679,2585,1961,5420
496,3682,6964,645,5109,5420,6527
6964,5109,2585,1961,1916,5420,4461,1661,6527
5603,6964,455,3161,2585,5420,6527
496,6964,2295,2585,1931,5420,6527
2336,5665,2465,4676,6964,5109,3093,376,1961,2585
3714,5603,6964,3093,3029,2585,4937,5420,6527
2465,4098,6964,500,1961,1931,5420,2445,6527
609,5665,6964,4998,2585,4717,6527
6964,2585,3161,2812,6527
144,1939,2743,2585,6043,460,6527
2465,6257,3779,5603,500,3161,5404,5420
6964,2295,2585,6043,4203,1661,6527
5665,6964,3029,2585,4430,6527
6964,3029,4998,4937,3161,2585,6043
2465,6964,249,1961,6043,5404
6964,500,1961,2585,5420,1661
@dps-end:
@rep:4
@time:1.05
@trys:306590
@seed:124987441
@dps-begin:
144,6964,4998,4119,5432,3161,5420,6527
6257,6964,4119,5432,1961,3161,4203,6527
6592,6257,4482,6964,3161,5420,1661,6527
6592,6257,385,4482,3161,5420,1661,2445,6527
5665,3906,6964,4119,376,3161,6527
6832,2465,6964,5432,3161,4203,2445,6527
6964,3161,299,6749,2445,6527
385,6964,3161,2445,6527
2465,1939,6964,4344,3161,1931
2482,6964,4998,3161,2445,6527
3682,6964,3029,3161,5324,2445,6527
2465,4482,6964,376,3161,2061,6527
6964,3093,5432,376,1661,6527
3682,6964,3161,6527
6964,4998,2743,3161,6527
6964,4119,5432,4203,1661,6527
2465,4482,5603,6964,727,3161
3682,4998,5432,3161,5821,6527
1939,6964,1799,3161,4203,6527
6964,455,4344,3161,2090,2446,6527
@dps-end:
@rep:5
@time:0.82
@trys:249550
@seed:123979721
@dps-begin:
6964,5432,4952,2585,3161,1931,4203,4972,460,6527
5169,4482,6964,2585,6527
4482,6964,2585,6043,6527
2336,6964,5432,3161,6043,460,6527
1154,3682,6964,5432,4952,2585,2446,6527
3216,6257,4098,6964,2585,6043,460,6527
6964,3029,5432,2585,6043,4459
385,5603,6964,3161,4203,6527
6592,4482,6964,3161,2585,4459,6527
6964,4952,3161,1931,460,6527
4482,4402,6964,4952,2585,6527
385,1154,4482,6964,2743,4952,2585,1931,6043,2125
1923,6964,3161,4203,6043,6749,1358,6527,6703
4482,6964,4952,3161,4203,4459,4461,6527
2482,6964,3093,3161,2585,6043,1661
5169,4482,4402,6964,5432,2585,6043
2336,5904,6592,5665,5603,6964,4952,4461,6527
6964,3161,2585,6527
6964,4952,2585,6527
385,6257,5603,6964,299,6527
@dps-end:
@rep:6
@time:0.78
@trys:242420
@seed:119777719
@dps-begin:
496,6964,4022,4119,2585,6043,6527
6964,4022,4119,3161,1099,4203,1358,6527
1939,6964,2676,3029,3161,2585,6043,2445
2465,1939,6964,4952,3161,2585
6964,2585,1961,6043,6527
4482,4676,4952,2585,1644,2445,6527
1154,4998,3161,6043,2445,6527
2465,4482,6964,4856,2585,4459,6043,3342
4482,4998,2295,2760,4344,6043,1099,6527
496,6964,376,2585,2445,6527
2465,1939,6964,4022,6043,3342,6527
6018,6964,4952,2585,6527
2465,6964,4952,4856,2585,6043
6964,645,4952,1961,3161,6527
4482,6964,1236,3161,2090,6043,4203
2465,6964,3161,6043,460,6527
1939,6964,4022,1961,5003,4203,6043,6527
6964,3161,6043,2445,6527
2676,6964,1799,2585,1099,6527
2465,6964,5718,4344,3161,2585
@dps-end:
@rep:7
@time:0.8
@trys:249550
@seed:117705823
@dps-begin:
5169,5603,500,6964,4952,5432,5821,6527
6592,4482,6964,500,6344,3161,1673,6527
3168,6964,4998,4952,3161,1661,6527
5712,6592,5169,6964,4952,3161,6527
5169,6964,4998,3161,6527
3168,6964,3161,299,6527
5169,6964,6024,3161,299,6527
6964,4998,4952,6344,3161,4203,6527
3168,5665,5603,6964,500,5109,3161,5593,1916,6527
5712,6592,5169,6964,4952,3342,6527
5169,5603,6964,4952,3342,6527
6964,4998,4952,6344,3161,3342,6527
1939,6964,1048,3161,1661,6527
5169,852,6964,3161,6527
6964,5432,3161,6749,5821,6527
6592,4482,6964,500,645,6344,3161
144,5169,6964,1931,1661,4430,6527
3906,5603,6964,5432,4697,6527
3168,6964,645,1799,3161,4430,6527
2610,6964,3161,6527
@dps-end:
@rep:8
@time:0.82
@trys:249550
@seed:112131119
@dps-begin:
2465,6018,5603,6964,3093,5432,4203,6043,2446
496,6964,5432,1961,2585,6043,6527
3682,6964,5432,3161,4203,6527
385,5665,2465,5603,6964,6043
5665,2465,4129,6964,4344,4952,2585,3161,1931,4203,6527
500,6964,4998,3574,5432,3161,4697,5469,6749,6527
4482,1939,6964,3161,1931,4459,2446,6527
2465,5603,6964,4022,4937,4459,5469,6749,6527
2465,1939,6964,4952,3161,6043,1675,4459,6527
385,6964,4315,6043,4203,6527
496,6964,3093,3941,2445,2446,6527
5665,6964,6264,2585,6527
2465,4098,4482,6964,5109,3161,6749,1661
3216,2465,6964,3161,6043,4203,6527
1154,1939,6964,6264,3161,6043,6527
6964,3161,2585,6527
2114,6964,3093,2585,6527
2465,1939,6964,3161,6527
385,5665,2465,6964,4315,6043
1939,6964,3161,6043,6527
@dps-end:
@rep:9
@time:0.82
@trys:249550
@seed:108626351
@dps-begin:
496,5665,5522,6964,4952,2585,6527
2465,5665,1186,6964,3161,4459,2445,6527
5522,6964,4952,3161,4203,6527
496,6964,3093,4998,4952,3161,2445,6527
6964,3029,4952,5432,2585,3161,6031
3168,385,6964,376,3161,1931,2445,6527
2465,6964,4022,2585,6527
6964,2585,3161,2812,2446,6031
2465,3779,6964,3161,2585,6527
2465,1939,2355,6964,3093,3161
1154,5522,6964,3161,2445,6527
6964,4998,727,4952,3161,6527
1154,5603,6964,3161,4937,2445,6527
496,6964,4952,3161,4203,5454,6527
3682,1939,6964,4022,1961,2585,1661
6964,3161,2585,2125,6031,6527
6528,1556,6964,3029,6344,3161,1931,5454,6527
3216,385,6964,3161,4203,6527
6964,4952,3161,2585,3724,4461,6527
385,6964,249,3161,1931,1099,6527
@dps-end:
@rep:10
@time:0.8
@trys:249550
@seed:107980007
@dps-begin:
2465,6964,3093,4119,5432,1961,2585,3161,6043,1916
2465,6964,2585,4203,5420,6527
2465,6964,4952,2585,3161,6527
2928,2465,4482,6964,1961,2585,6527
6592,3168,4482,5603,6964,4952,3161,4203,6527
3168,385,6964,3161,5420,6527
2465,5603,6964,3161,1931,5420,6527
6964,455,2585,3161,5420,1916,2446,6527
2336,6257,2465,6964,376,2585,3161,1931,5420,6527
4482,6964,2585,6527
6592,2465,2355,6964,4022,3161
2465,4482,6964,3161,6749,6527
2482,5603,6964,4998,5432,6527
6964,3029,3093,5432,6043,1931,1916
3216,496,2928,6964,2585,778,1916,1661,6527
5603,6964,455,3161,2812,1661,6527
2465,4482,6964,376,5432,1931
2465,6257,4482,5603,2295,3161,2585,5420,6527
385,6964,4346,4203,6527
6964,4022,2585,4346,6527
@dps-end:
