@rep:1
@time:3.04
@trys:746925
@seed:179424673
@dps-begin:
2577,261,6439,3804,6638,3919
7830,11004,8828,7708,6973,5534
12132,9173,7259,6973
6754,6973,6319,4463,7711
6754,8629,8828
7830,8364,6973
10501,5669,7493
6504,8552,6638
10501,7830,3967
9173,5534,318,7711
2577,966,6758,5534
966,8828,6638,3919,9007,7711
6610,10501,12446,318
193,9173,8828
7830,9623,3039
11088,193,8552,7528,12446
10150,8828,5534
6504,8828
7259,11004,3919,6319
6754,12132,7493,3804,3039
@dps-end:
@rep:2
@time:3.96
@trys:935658
@seed:125164703
@dps-begin:
10706,261,8552,5453,6638,3919,6239
9361,5745,7259,8828
9361,7478,8828,6638
2577,7830,6459
7830,8364,6973
7528,7595,6319
280,5453,9262
5745,10967,908,5534
10501,8828,9007
9361,2577,6504
304,12406,7830,5534,6239
1319,7259,317,3919
7830,5692,4846
7641,8461,5534,3919
3905,10501,3925,11639,8155
6610,261,7641
7830,8828,317,8461
966,3804,4526
7749,1319,7259,317,6973
304,9937,7493,7830,7259
@dps-end:
@rep:3
@time:3.79
@trys:948273
@seed:132011827
@dps-begin:
261,6439,8552,3804,6638,3919
5745,9173,5534
12132,10501,6758
2256,12132,7259,8828
261,6319
544,7641,6637,5534
5669,10501,261,966
966,11479,8552,4463
5525,6439,6638,5534,4463
8275,8828,6637,5534
8552,6504,6638
261,10501,5669,7641
10501,8828,9007
6439,8155,8828,317,5534
5745,8103,6440
10501,7259
544,2256,7641,6638,5534
966,8552,6504
7641,8828,8927
2256,4912,11872,966,8828,5534
@dps-end:
@rep:4
@time:3.85
@trys:960588
@seed:124987441
@dps-begin:
6439,8828,5453,6638
7528,5453,6637,6319
5745,7830,7995
10501,261,5669
10501,261,6758,5534
8259,10501,3804
6758,6440,6637
3270,6440,6638
261,7259,6638,3039
9330,1171,261,9673
12132,11816,3804,6637
261,9673,8364,8828,3039
244,6439,9673,5534,6319
10501,5453,9007
10501,7259
11138,6440,10424
5745,7260,6319
12132,261,3804,9151
12132,2068,261,9673,6637
261,12406,9673,3804,5534
@dps-end:
@rep:5
@time:3.05
@trys:772008
@seed:123979721
@dps-begin:
6439,3804,8828,6638
7830,5799,318,6638,6319
6082,7259,8828
3538,1171,8364,6319
5669,10501,261
3538,6504,3804,6638,7086
3538,10501,6758,1501
3538,8259,261,1319
6082,1501,318,6638
1171,7493,7259,6319
10501,8828,9007
7810,7830,6638
12434,275,10501,261,8808
544,10150,12446
10501,9007
7830,8808,666,8828,12428
7493,10501,7995
5949
1142,3804,4526
7810,7493,6638
@dps-end:
@rep:6
@time:4.664
@trys:1061487
@seed:119777719
@dps-begin:
2577,10706,12390,6439,5453,6638,3919
7830,8475,6319
6440,8364,6973
3270,6638
9173,8104,7259,6973
2256,10501,9173,6440,8828
11506,275,7830,7259,8828,5453,4463
2256,11156,10501,10967
6483,261,10501,8828,8927
2577,9361,6003,966,6504,6973
12258,966,4463
3393,6483,10501,10967
7052,9262
2577,261,5669
9007,4463
11506,275,6003,8772,7830
8291,244,9262
8410,7259,8828,8429
6256,12434,12390,7830,6973
10501,7641,12442
@dps-end:
@rep:7
@time:3.51
@trys:859724
@seed:117705823
@dps-begin:
2577,6439,8330,3804,6638,3919
7830,6319
7830,7641,7259,8828
8291,10501,6758
261,966,7259,6637,6319
3443,902,6440,8364
11156,10501
5003,8828,10142
10150,7830,3804
3443,8291,261,10501,8165,6638
9328,10865,902,6638
9328,7528,6440,8828
261,10501,5669,902,7641
3443,5525,966,7528,8330,8828
11156,261
3804,9262
2577,6504,3919
1171,8291,7528,7641
1171,261,8568
10865,7259,3804,6637
@dps-end:
@rep:8
@time:4.14
@trys:960462
@seed:112131119
@dps-begin:
2577,10706,261,5453,6638,3919,6239
7830,10713,6319
304,902,6440,8364
275,9173,3039
3270,6638
9440,7259,8828
11156,7749,7830,7641,5453,318
3876,7641,8828,6973
12132,10713,7259,6973
6504,8828,318
10706,9173,10501,7641,7402
9440,9173,7830,8828
3876,7830,902,6637,3039
7493,1319,7259,3804,6637
3804,9262
7493,5669,261
7052,9262
8410,10810,3804,6973,3919
7810,9173,6973,6638
2577,10501,7641,6637,6973,6319
@dps-end:
@rep:9
@time:3.48
@trys:834442
@seed:108626351
@dps-begin:
10706,261,6439,8552,5453,6638,3919
5745,11641,7259,8828
6754,2828,8828,3804
10865,12132,7830,5534
8410,8828,5534
261,10810,8364,318
1937,12132,11044,6439,7641,3804,6973
7236,12132,6439,6637,4463
8096,12132,261,1319,6319
10501,7014,7830,6439,11641
7810,12132,7830,6637
7749,6504,8828,5453
7493,7259,6637,5534
6439,7641,11641,8828,3804,8364,6637
1937,11044,10501,7493,6637,318
275,7830,7641,5534,6319
7749,7798,6973
7493,10501,3190,7595
11044,11641,4508,8828,4463
6439,8410,5534
@dps-end:
@rep:10
@time:4.07
@trys:998925
@seed:107980007
@dps-begin:
2577,1171,12390,6439,3804,3919
10501,10967,5724
6898,7830,8828,5534
261,6319
11138,8364,3039
6421,6440,7595,7259
3664,7528,8828
261,10501,5669
5745,11498,5534
6898,8828,8364
6421,10967,6439,7260,5534,9455
6421,261,11498,5534
2577,966,7528,8152,5534
10501,3919,9007
3538,10501,7798,6440
244,11620,10501
5745,6659,7528,8828
6003,8291,10501,6525,12253
6659,12139,8828
10501,9007
@dps-end:
