@rep:1
@time:2.72
@trys:657384
@seed:179424673
@dps-begin:
2577,261,6439,3804,6638,3919
2334
8468,5885
8222
9344,8677,5885
7024,3459,4810,687
10240,4739
6449,191
9169,261,6263,1801
10179
10150,5897
12482,22
8677,4090
6449,6663,11547,734
2577,9022,5551
7830,6971,5167
9988,5485
10480,12442
5868,5261,7918,9007
8584
@dps-end:
@rep:2
@time:3.82
@trys:884318
@seed:125164703
@dps-begin:
10706,261,8552,5453,6638,3919,6239
7995,9038
5261,7774,6559
11498,5885
8565,11861,6943
8568,6954
8552,4792,12078
8087,8360,7593
10150,7767
8568,9177
8376,4090
4792,6317
6944,12078
4500,7716
10496,5394,8125
3714,6586
6182,7593
5937,3798
10898,990
9671
@dps-end:
@rep:3
@time:3.59
@trys:896953
@seed:132011827
@dps-begin:
261,6439,8552,3804,6638,3919
5745,5394,6984
7651,629,2878
11190,6638
9328,8638
4500,4605
9184,679
9948,9022,3919
7460,9007
4820,8808
6929,12078
5330,8630,6169
10480,3927
8868
10967,9020
8584,3804
12240,8994,8844
12135,2365
5152,4318
4591
@dps-end:
@rep:4
@time:2.91
@trys:770985
@seed:124987441
@dps-begin:
6439,8828,5453,6638
10837,12253,5261
2334
3459,8911
10523,1581
8919,2714,7918
6515,1319,5629
4792,12078
7590,12135
4881,6610,1789
4792,5449
7911,3438
4714,7868
7911,3550
7413,4794
3270,8919,10431
5514,8638
5075,7868
9090,7943
1156,549
@dps-end:
@rep:5
@time:2.731
@trys:720134
@seed:123979721
@dps-begin:
6439,3804,8828,6638
10424,5388,9551
2334
5394,7736
9397,5705
5394,8750,1743
9171,5683
6789,10523
8915,5372
955,2668,8828,12078
8486,631
7571,8582
1859,8431
10179,908
5661,5086
8618
11514,5629
6400,6352,8844
7914,8125
8584
@dps-end:
@rep:6
@time:4.41
@trys:1010852
@seed:119777719
@dps-begin:
2577,10706,12390,6439,5453,6638,3919
8006,3481,3529,6028
38,4455,10907
8486,8712,8607
2334
8737,7501
8842,5949
12135,5003
8784,5669,8808,1916
672,5151
9056,2166,6638
6610,4711
8928,7656
5394,4137
6965,7690,6206
12262,1594,3771
8596,990,3503
6610,12390,5915,6814
8584
6790,5930
@dps-end:
@rep:7
@time:3.3
@trys:808811
@seed:117705823
@dps-begin:
2577,6439,8330,3804,6638,3919
4205,191
7062,8486
2334
7571,9063
4403,11160
7690,6459
3438,4414
10240,12557
10480,8588
11879,6301
5024,7088,6376
4714,12302
5031,12431
12471
3085,1086,12078
12557,4285
6504,2745
8618
4090,12554
@dps-end:
@rep:8
@time:3.891
@trys:909561
@seed:112131119
@dps-begin:
2577,10706,261,5453,6638,3919,6239
4664,9851
10424,6923,8863
5333,12431
7651,11663,6319
5885,8943
5968,3252,10424,605
10179
10480,3123
10480,9876,441
12471,6637
4881,902,7639
4919,9656
4775,6857
6566,5886
8618
6360,990
8584
4976,3252
5392,8638
@dps-end:
@rep:9
@time:3.18
@trys:783512
@seed:108626351
@dps-begin:
10706,261,6439,8552,5453,6638,3919
3270,5261
2334
1537,2964,8076
11730,191
8930,5485
10480,4506
5394,4591
7249,9205
9673,12078,10303
1108,7176
10240,802,2964
4090,11294
8618
7249,5621,6638
4659,11416
4579,11523
9427,8638
2745,11343
2836,4090
@dps-end:
@rep:10
@time:3.83
@trys:947719
@seed:107980007
@dps-begin:
2577,1171,12390,6439,3804,3919
6169,5885
7810,8837,8568,280
2334
3283,8222
3394,2462
5333,6169,11482,6829
8275,12390,9671
5426,9394,7509
12442,7470
3620,5333,280
10480,3123
1171,4500,8005
12461,1294
6016,8355,8005
5520,8896,2153
2624,8638
5621,6439,9673
8928,1086
8584
@dps-end:
