@rep:1
@time:1.49
@trys:463320
@seed:179424673
@dps-begin:
5608,2137,4602,6364,3757,1454,3710,4959
6672,2998,5608,2137,6364,3757,4959
116,2998,3752,2476,6364,1037,2671
2112,6692,3752,2092,3757,1454,1332,5845,2998,2137,1401,4602,6364,5887
5845,2998,4602,2092,6364,3757
116,1332,2998,3752,1401,4602,2092,6364,3757
2998,3752,1401,4602,2092,6364,3757
1013,5608,6364,2476,3710,2671
5845,5608,4602,6364,3757,3710,1454
4611,1332,6692,5845,1013,6968,1401,4602,2092,3757
2092,2060,1037,3757,2671,6672,116,1332,1013,2998,1401,4602,6364
6672,1332,5608,2137,4602,3757,3710
5608,1401,4602,6364,3757,3710
116,2998,4602,6364,2476,2671
2112,116,2998,3752,6364,1037,2671
2112,116,3752,4602,6364,1037,2671
1332,1013,5608,2137,6364,3757,4959
6692,5845,4602,6364,2092,3757
6692,1013,5845,1401,4602,6364,3757,1454
6672,2998,3543,3752,4602,2092,6364,3757
@dps-end:
@rep:2
@time:1.35
@trys:427680
@seed:125164703
@dps-begin:
116,5608,2137,1401,4602,6364,3757,3710
5608,4602,6364,3757,1454,3710
5608,2137,4602,6364,3757,3710
448,5185,1300,5608,5992,2137,3710,1454,5999
544,933,4631,5608,2137,1401,4602,6074,6364,3710
6672,5608,2137,6364,3757,1454,3710
6672,448,4631,5608,2137,4602,6364,3710,5999
448,116,2998,4602,6364,3757,1454,2671
5608,3304,2137,4602,6364,3757,1454,5999
6672,448,116,2998,2137,4602,6364,3757
116,2998,1401,2137,4602,6364,2092,3757
2998,5608,2137,4602,6364,3757,1454
6672,448,544,1332,116,2998,4602,6364
448,6672,116,3752,1401,4602,6364,2092,3757,1454
2112,6672,5608,4602,6364,3710,2671
116,4726,5608,1401,2137,4602,6364,3710
6672,5185,5845,5608,2137,4602,6364,3757,3710
6672,5608,6364,3757,3710,6286
6672,116,5608,6364,3710,3951
2998,5608,2137,4602,6364,3710,5999
@dps-end:
@rep:3
@time:1.36
@trys:427680
@seed:132011827
@dps-begin:
6452,5608,4602,6364,3757,1454,3710
448,6452,116,1013,2998,4602,2092,6364
6452,2998,5608,3752,2137,6364,3757,5999
2336,6452,116,2998,4602,6364,1454
116,6452,2998,1401,4602,6074,6364,2092
448,116,6452,2998,1401,4602,6364,1454
116,6452,5608,776,1401,3710
448,5185,116,6452,2998,6760,1401,4602,6364,2671
2336,6452,116,1013,4602,2476,6364,2671
116,6452,2998,808,1401,4602,6364,3710
1300,5608,4602,6364,3757,3710,5999
116,6452,5608,4602,6074,6364,3710
6452,1300,5608,1401,6364,3710,2735
6672,6452,5608,4602,6074,6364,3710,1454
2112,448,6452,116,4602,2476,6364,1454,2671
1300,6452,5608,4602,6364,1454
6452,116,2998,1401,4602,6364,1454
6452,116,2998,808,1401,4602,1454
6452,2998,5527,808,4602,6364,3757,1454
6452,2998,1401,4602,6074,1454,3407,5887
@dps-end:
@rep:4
@time:1.67
@trys:513216
@seed:124987441
@dps-begin:
448,116,6452,2998,808,4602,2092,6364,3757,1454
6452,2998,5608,1401,6364,3757,1454,4959
448,6452,116,2998,1401,4602,6364,2092,5999
448,6452,116,2998,808,1401,4602,2092,3757
6452,116,933,5608,4602,6364,3710,1454
6452,2998,5608,3752,1401,2137,4602,6364,3757
448,116,2998,808,1401,4602,2092,3757,3951
448,116,2998,3752,4602,2092,6364,3757,5999
116,6452,2998,808,2137,4602,6364,3757,1454
6452,2998,3752,1401,4602,6364,2092,3757
116,6452,3752,5608,4602,6364,2092,3710
3304,5608,1401,2137,4602,3757,3710
448,5608,3752,1401,4602,6364,3710,1454
448,116,2998,4602,2476,6364,2671
448,116,6452,3752,4602,2476,2092,6364,2671
2112,6452,116,2998,4602,6364,1454,2671
2112,6452,2998,5608,1401,4602,6364,3757,1454,4959
448,2112,3169,6452,116,933,2998,4602,1454,3951,5999,2671
6452,116,2998,4602,6364,3757,1454
6452,5608,4602,6364,3757,1454
@dps-end:
@rep:5
@time:1.82
@trys:534600
@seed:123979721
@dps-begin:
448,6452,116,2998,3752,808,1401,4602,2092,6364,1454
6452,1300,2998,5608,1401,2092,6364,1454,4959
2336,6384,6452,2998,4602,2092,6364,3757
6452,5608,4602,6364,3757,1454,3710
2112,448,116,6452,933,2998,1401,4602,2476,6364,3757,2671
6452,1300,5608,1401,2137,6364,4959
6452,2998,5608,2137,4602,6364,3757,1454
448,6452,116,3752,808,4602,6364,1454
6384,448,116,2998,2137,4602,2092,6364,3757
2336,6384,116,6452,2998,2137,4602,6364
448,6452,116,2998,808,1401,4602,6364,3757
116,6452,933,3752,808,1401,4602,2092,6364
6452,116,2998,808,3752,1401,2092,6364
2336,6452,933,2998,1401,2137,4602,2092,6364
1300,6452,2998,3752,5608,4602,6364,2092,4959
116,6452,933,2998,808,1401,4602,2092,1454
6384,2998,5608,2137,6364,3757,1454,4959
2336,1300,6452,2998,5608,1401,6364,3757,4959
448,116,6452,933,2998,2137,1401,4602,6364
6452,116,2998,3752,2137,1401,4602,2092,6364,3757
@dps-end:
@rep:6
@time:1.33
@trys:413424
@seed:119777719
@dps-begin:
1300,116,6452,5608,1401,2137,4602,6364,3710,1454
6452,116,2998,1401,4602,2092,6364,5999
2112,1332,6452,1013,2966,4602,6364,2092,5887
2112,6672,6452,116,2998,3752,4602,6364,2671
6452,933,5608,4602,6364,3710,5999
1300,116,5608,1401,2137,4602,6364,3710,1454
6452,116,3752,4602,6364,3710,5999
2112,6452,1013,2966,5608,2137,1401,1050,6364,2476,5887
3328,6672,6452,2998,2137,4602,6364
6452,116,2998,1401,4602,6364,1454
6452,1013,3752,1401,4602,2476,2092,6364
6452,1332,2998,5608,1401,4602,6074,6364
4291,6452,2998,4602,2476,2671
116,3752,6074,6364,2476,3710,2671
6452,3752,1401,4602,6364,2092,1629,3710
116,5608,3752,1401,6074,3710
116,5608,1401,2137,6364,3710,1454
116,5608,1401,4602,6364,3710
5185,6452,116,3752,1401,4602,3710
116,3752,1401,4602,6364,3710
@dps-end:
@rep:7
@time:1.57
@trys:484704
@seed:117705823
@dps-begin:
6452,1300,2998,3304,5608,1401,4602,6364,3757,1454
448,6452,116,2998,2137,4602,6364,2092,1454,1919
1300,6452,5608,4602,6364,3757,3710,1454
448,2336,116,6452,1013,1686,4602,6364,2476,3757,1454,2671
6452,5608,3304,4602,6364,3757,1454
6452,2998,5608,1401,4602,6364,3757,1454
448,6672,116,6452,3752,4602,6364,2092,1454
448,116,6452,2998,1401,4602,6364,1454,5999
6672,1300,2998,5608,1401,2137,4602,2092,6364,3757,4959
116,6452,2998,1401,4602,6364,2092,3757
1300,6452,2998,5608,3304,1401,4602,3757,1454
116,6452,2998,808,4602,6364,3757,1454
6452,2998,3752,4602,2092,6364,3757,1454,5999
2336,6452,2998,1401,4602,6364,3757,1454
2112,116,6452,2998,4602,2476,6364,2671,3951
448,116,1013,4602,2476,6364,1454,2671
116,6452,2998,4602,6364,3757,1454
2998,5608,3752,4602,6364,3757,1454
116,6452,2998,3752,4602,6364,2092,3757
2998,5608,1401,6364,3757,1454,4959
@dps-end:
@rep:8
@time:1.64
@trys:498960
@seed:112131119
@dps-begin:
6452,5608,3752,4602,6364,3757,3710,1454
6452,5608,1401,4602,6364,3757,1454,4959
6452,1300,2998,5608,3752,1401,4602,6364,1454
6452,116,1686,808,3752,4602,6364,2092,1454,5999
544,116,2998,1686,3752,1401,2092,6364,3757
544,6452,116,2998,4602,6364,1454
544,116,6452,2998,1401,4602,2092,3757,5999
6452,1332,2998,5608,1401,3757,4959
544,116,6452,1332,1300,5608,4602,3710
6242,1686,6695,5608,4602,6364,1454,3710
544,6452,5608,4602,6364,3710,1454
116,6452,6695,5608,4602,6364,2092,3710
4768,6452,5608,6364,3757,1454,4959
6452,1300,5608,4602,6364,2092,1454
3752,5608,1401,2092,6364,3757,4959
6672,6452,116,2998,3752,1401,4602,6364,1454
6452,116,3752,4602,6364,2092,3757,1454
6672,1300,6452,2998,5608,3752,6364,3757,1055
116,6452,3752,808,4602,6364,3757,1454,5999
6384,544,6452,116,4602,6364,2092,1454
@dps-end:
@rep:9
@time:1.74
@trys:527472
@seed:108626351
@dps-begin:
544,448,116,6452,2998,808,2137,1401,4602,2092,6364
6672,1300,6452,2998,3304,4602,6364,2092,1454
6672,6721,6452,116,2998,4602,2092,6364,5999
544,6452,933,2998,3752,4602,2092,6364,1454,5999
544,6721,116,6452,2998,2137,4602,6364
6452,933,5608,2137,1401,4602,6364,3710,1454
544,448,2673,6452,116,2998,4602,2092,6364,3757
544,6672,448,116,6452,1013,4602,2476,6364,2671
448,544,6452,3752,808,2137,4602,2092,6364,2623
448,116,6452,2998,2137,4602,6364,1055
544,448,6721,6452,116,2998,3752,4602,2092,5999
544,448,6452,933,1401,4602,6364,2092,1454,5999
544,6721,6452,116,2998,808,3752,1401,4602,6364
544,6721,116,933,2998,4602,6364,2092
544,6721,6452,2998,808,2137,4602,6364
448,544,933,3752,2137,4602,2092,6364
6452,933,5608,4602,1454,3710
6452,933,5608,4602,6364,3710,5999
933,5608,2137,1401,4602,6364,3710,1454
787,5608,2137,1401,4602,6364,3710,1454
@dps-end:
@rep:10
@time:1.05
@trys:335016
@seed:107980007
@dps-begin:
2112,448,6452,116,1013,4602,6364,2671
448,1300,3752,5608,4602,6364,3710,5999
2112,6452,116,1013,3752,4602,6074,6364,2671
448,2112,116,1013,4602,6364,2476,2671
448,2112,6452,116,4602,6364,2671
6452,116,3752,4602,6364,2092,3710
2112,448,6452,116,1013,4602,6364,2476
448,116,5608,6364,3710,5999
448,6452,116,1013,4602,6364,2671
116,5608,3752,1401,4602,6364,3710
448,6452,116,3752,4602,6364,2092
2112,448,116,5608,6364,3710
448,116,1013,4602,6364,2476,6286,2671
448,116,5845,5608,4602,6364,3710,1454
448,116,5992,4602,6364,3484,6286,1454,3710
2112,4291,6452,4602,6364,2476,1629,2671
2112,116,1013,4602,6074,6364,2671
448,116,5608,4602,6074,6364,3710,4959
2112,448,116,4602,6364,2671
448,116,1013,4602,6364,1055,2671
@dps-end:
