@rep:1
@time:13.47
@trys:2347761
@seed:179424673
@dps-begin:
6257,8771,8438,9014,4825,3835,10235,2060,3679,7823
21216,8080,1841,8737,19107,2148,9014,3679
1842,8438,9014,3835,4636,4414
2352,8737,9014,13388,4636,4414,3679,7823
6257,9014,8438,1751,4825,11261,13551,3679
6257,5105,19107,2148,8438,9014,3256,4825
9014,1751,3256,18600,3835,4636,3679
8737,6257,19107,2148,3256,4636,11261,4414,3679
8080,1841,8771,2148,9014,8438,2060,6014
21216,2352,1841,1842,8756,9014,1751,3256,10235,4636,7823,3679
19107,2148,9014,8438,1751,4825,4636,3679
5105,1842,8438,1751,4825,3835,3679
6257,1842,9014,1751,4636,4414,3679
21216,1841,5105,8771,19107,9014,17399,4825,3835,4636,3679
6257,5105,1842,19107,9014,8438,18600,4636,11261,13551,3679
5105,19107,2148,8438,9014,4825,7882,4636,13388
2352,1841,5105,21649,6257,8737,8771,8438,18600,4825,2060
2148,9014,8438,18600,3256,4825
8438,9014,1751,18600,3835,13551
8080,8438,1751,4825,10235,2060,4414
@dps-end:
@rep:2
@time:16.041
@trys:2683219
@seed:125164703
@dps-begin:
19696,6257,8438,9014,4775,4825,9897,2060,7823
8771,2148,12229,5863,4775,18600,18282,2060,2352,1842,5302,8438,4825,11261
6257,2148,9014,8438,9897,4825,4636
21216,1841,8737,5302,9014,4636,7823
5105,6257,5302,9014,8438,4775,5067,4636
19696,8080,2352,8737,1841,9010,2148,9014,5067,4636,7823
21216,2352,19696,1841,8771,4775,5067,7119
8080,21216,1841,8438,9014,4825,7823,7119
8080,21216,1841,8438,9014,4825,7823,7119
8080,19696,8737,12229,8438,9014,4775,4825,4636,7119,7823
19696,19521,1841,8737,9010,2148,8438,9014,18600,9897,7823,7119
19696,8771,8438,9897,4825,2060,11261,7823,7119
1842,8771,5302,4775,4825,2060,11261,7119,7823
19696,9010,8438,9014,9897,18282,2060,7119,7823
21216,8737,12233,5067,7119,2352,19696,21681,5105,9010,5302,8438,9014,4825,11261
21216,2352,8737,6257,5863,4775,5067,7823
5105,2148,8438,4775,9897,4825
8080,9014,8438,4775,5863,2060
19696,1842,9014,8438,9897,5067,7823
6257,9014,4825,2060,11261
@dps-end:
@rep:3
@time:10.271
@trys:1880583
@seed:132011827
@dps-begin:
6257,1842,9014,8438,4825,2060,13388,19901,3679,7823
21216,2352,1841,8737,2148,17271,4775,4636,3679
2148,8438,9014,4825,13388,3679
2352,8737,1842,9014,4775,4636,3679
6257,9014,8438,17271,4775,2060,4636
8771,9014,17271,4825,2060,19901,7823,3679
8771,8438,17271,4775,2060,19901,7823,3679
1842,8438,17271,4825,2060,11261,3679,7823
21216,2352,6257,19107,3256,4636,13388,7823,3679
2352,21216,8737,9010,1842,2148,4775,5863,4636,19901
8080,21216,6257,8771,17271,4825,19901,3679,7823
6257,5105,8438,17271,4775,4825,12233,19901,3679
21216,1841,9010,1842,5749,9014,4775,19901,7823,3679
5105,6257,2148,8438,3256,4825,13388
9014,8438,5863,17271,4825,2060,7823,3679
6257,9010,8771,17271,4775,4825,18282,2060,11261,3679
21216,5105,1841,2148,8438,17271,3256,13388,19901,3679
9014,8438,5863,17271,4825,2060,7823,3679
21216,8771,4775,17271,4825,18282,2060,19901,7823
8771,2148,5302,4775,5863,17271,14103,4825,11261,3679,7823
@dps-end:
@rep:4
@time:8.224
@trys:1544417
@seed:124987441
@dps-begin:
8080,6257,8438,9014,4825,13388,2060,7823,3679
1842,2148,8438,9014,4825,3835,5804
21216,8080,8737,6257,9987,9014,12233,4636,3679,13711
1841,9014,8438,3256,2060,3679
6257,1842,8438,4775,3835,4636,3679
8080,8771,9014,4825,2060,7823
8438,4775,4825,2060,7823
8737,6257,2148,9014,4636,13388,3679
1841,4775,4825,6762,2060,7823,3679
21216,8771,13399,4775,4636,2060,7823
21216,1841,9987,4825,2060,5804,11261
8080,21216,6257,8771,9014,13399,4825,3679
21216,1841,4775,18282,13388,4636,3679,13711
21216,6257,9014,4775,17625,18282,4636,7823,3679
2565,8438,9014,13399,15354,4636,2060,13711,3679
6257,8771,2148,9014,13399,5863,2060,11261
8737,6257,8438,9014,4825,6762,18282,3835,7823
5105,2148,13399,3256,12233,4825,2060,4636,11261,3679
1842,9987,2148,8438,4775,5863,4825,17625,4636,7823
8771,2148,2565,12233,6762,5804,8080,6257,1842,21587,8438,3835,11261,3679
@dps-end:
@rep:5
@time:9.85
@trys:1857431
@seed:123979721
@dps-begin:
19696,6257,8771,9014,8438,4825,2060,11261,7823
2352,21216,1841,6257,8737,9014,16008,4636,7823
2352,21216,19696,8080,9014,8438,7943,16008,4825,2060,5804
8771,14276,8438,9014,4636,2060,11261,7823
8080,19696,1841,9014,8438,18731,2060,21406,6686,3694,7823
19696,2352,8737,1842,4775,4636,11261,7823
1842,9014,8438,4775,4825
1841,8438,7943,4775,16008,4825,2060,11261
19696,8771,2148,12229,8438,7943,4825,18731,2060,15452,13551,7823
19696,8771,8438,16008,4825,5804,11261
19696,1841,8737,9014,4775,4825,2060,15452,13551,7823
6257,2148,8438,4775,7943,2060,5804
19696,8737,6257,8438,7882,5451,2060,11261,7823
19696,12229,8438,4775,4825,2060,15452,11261
8080,16432,8737,8771,2148,8438,9014,5863,4775,4636,7823
5105,1842,8438,4775,4825,18731
8080,21216,8737,2148,8885,9014,4775,4636
21216,8737,6257,8771,14276,8885,16008,4825,2060
2352,21216,1841,8885,13722,11261,21406,13551,7823
8080,2352,6257,8438,4825,2060,21406,7823
@dps-end:
@rep:6
@time:11.76
@trys:2146697
@seed:119777719
@dps-begin:
8080,19696,6257,8438,9014,4825,13388,2060,19901,7823
1842,8438,9014,4775,4825,4636
5105,1842,8438,4775,18600,3256,4825,11882,3835,4636
19696,21216,6257,1841,9014,3256,4636,19901,7823
9014,8438,4825,2060
8771,8438,9014,2060
8080,8438,4775,2060,19901
9014,8438,3835,4636,7823
8771,4775,4636,2060,7823
8438,13388,2060,4636,19901,7823
8080,19696,9014,4825,2060
19696,1842,8771,9014,4775,4825,4636
19696,8771,8438,3256,4825,19901,7823
19696,8771,8438,4825,3835,13711,7823
19696,1842,8771,8438,9014,4775,3835,7823
19696,6257,8438,3835,2060,7823
6257,8438,4775,4825,2060,19901
6257,1842,8438,3835,4636,19901,13711
1841,9014,5863,18600,2060,4636
19696,13909,8438,9014,3256,2060
@dps-end:
@rep:7
@time:10.391
@trys:1902077
@seed:117705823
@dps-begin:
6257,9014,8438,4775,9897,4825,2060,3679,7823
6257,9014,8438,4775,4825,3679
2352,8737,1842,9014,4775,4636,3679
5105,9014,8438,1751,18600,4825,4636,13388
21216,8737,1841,4775,5340,4636,7823,1775,3679
2148,9014,4775,18600,4825,4636,3679
8737,6257,2148,8438,9014,1751,18600,9897,4636
21216,8737,10114,1842,12229,9014,4775,7820,4636,3679,7823
1842,8771,2148,9014,4825,2060,11261,7119,3679
5105,6257,2148,8438,4825,11261,3679
2352,21216,6257,2148,4775,11261,7823,3679
2352,21216,8737,6257,1842,4636,11261,7823
6257,5105,1842,8438,4775,9897,4825,7820
8438,9014,4825,2060
2148,8438,2060,11261,7823
6257,2148,9014,18600,4825,4636,11261
9014,8438,4775,5340,2060
8438,1751,4775,9897,2060,7823
2352,6257,8771,8438,4825,13388,4636
6257,1842,2148,8438,4825,5340,3679,7823
@dps-end:
@rep:8
@time:10.75
@trys:1948065
@seed:112131119
@dps-begin:
6257,1842,8438,9014,4825,2060,13388,7823,3679
21216,8080,1841,8737,10309,9014,4636,4414,3679
6257,5105,1842,4884,10309,8438,9014,4775,4636,4414
10309,9014,8438,4775,4825,4414,3679
10309,8438,9014,7943,5593,13388,2060,3679
8080,8737,6257,10309,8438,4775,7943,3256,4825,3679,7823
8737,6257,10309,9014,7943,3256,4825,2060,13388,3679,7823
10309,8438,9014,3256,5593,13722,4636,13388,4414,3679
6257,8737,2148,9014,4775,4636,3679
6257,9014,8438,4775,7943,18072,18600,4825,2060,5677,7823,3679
6257,1842,2148,8438,9014,4825,4414
21216,1841,4775,5593,13722,4636,5677,3679,7823
21216,1841,8737,10309,9014,4636,4414,7823
8737,4884,2148,9014,18600,4825,4636,3679
6257,9014,4775,18600,4825,4414,3679
8737,9014,4775,13388,4636,4414,3679
6593,1841,4775,4825,2060,3679,7823
6593,1841,8438,9014,2060,4414,3679
5105,2148,9014,8438,18600,13722,13388,4636,3679
9014,8438,4775,4825,2060,5677
@dps-end:
@rep:9
@time:11.99
@trys:2125196
@seed:108626351
@dps-begin:
19696,6257,8438,9014,4775,4825,9897,2060,7823
19696,8737,8438,9014,17271,4825,2060,13388,14191,7823
6257,2148,8438,9014,4775,4825
8771,9014,17271,4825,2060,11261,7823
19696,6257,8771,8438,17271,4825,13388,11261,7823
19696,6257,2148,9014,8438,17271,2060
5105,6257,19153,2148,8438,9014,9897,11882,13388,6142
19696,8438,4775,17271,9897,2060,11261,6142,13711
8080,19696,6257,9014,8438,4825,14191,7823
19696,2148,8438,4775,9897,2060,11261,14191
19696,8080,19153,8737,8438,9014,14139,2060,14191
19696,6257,2148,4775,11882,2060,11261,13711,7823,14191
19696,19153,6257,2148,9014,8438,17271,18600,9897,13388,7823
21216,2352,19696,1841,6257,8737,2148,11261
6257,8438,4775,18600,4825,11882,13388
21216,19696,1841,6257,8771,2148,8438,11882,18282,14191,7823
2352,1841,8771,8438,9014,5863,17271,4825,11882,13388
8080,21216,19696,2148,9014,17271,4775,11882,2060
19696,2352,6257,19153,5105,8438,17271,4775,11882
19696,5105,1841,9014,4775,17271,4825,2060,11261,7823
@dps-end:
@rep:10
@time:18.431
@trys:3017426
@seed:107980007
@dps-begin:
6257,9014,8438,4775,12233,4825,10235,2060,7823,3679
1842,8438,9014,4775,4825,19689,16495,3679
8737,2148,9014,4775,19689,5804,4636,3679
21216,1841,8737,9014,19689,11261,3679,16495,7823
1842,2148,8438,9014,4775,4825
8080,8438,4775,4825,2060,16495
8080,2352,6257,8438,4825,7823,16495,3679
6257,8771,9014,2060,11261,16495,3679
1842,8771,2148,9014,8438,13388,7823,16495,3679
21216,6257,8737,1842,5863,4775,4636,7823,3679
5105,2148,9014,8438,4775,4825,7882,4636,11261,3679
1841,10340,4775,12233,19689,4825,4636,3679,7823,16495
6257,8737,9014,8438,4775,4825,4636,16495
8080,6257,8737,2148,4775,19689,13722,10235,4636,11261,7823,16495
2352,8080,21216,6257,1842,2148,9014,10235,3679
6257,5105,8438,9014,5863,4825,10235,2060,16495
21216,8771,2148,12233,7882,13388,2060,16495,8080,6257,3256,4825,3679
5105,8737,8771,9014,4825,2060,13388,16495,3679
8080,2148,8438,5863,12233,2060,16495,7823,3679
21216,6257,8771,4825,13722,2060,11261,7823,16495
@dps-end:
