@rep:1
@time:8.18
@trys:1568747
@seed:179424673
@dps-begin:
8771,9014,8438,3835,2060,4636,3679,7823
8737,2148,9014,13722,13388,4636,14191,3679
8737,9014,4775,13722,4636,3679,14191
21216,8080,1841,4775,5593,18282,4636,14191,7823
21216,1841,19107,2148,9014,5863
1841,1842,18600,4825,2060,3679,7823,14191
8737,8771,4775,18282,7882,11882,2060,14191,8080,1841,5105,4636,3679
8080,1841,19107,9014,8438,3835,13388,3679,14191,7823
5105,1842,8438,3256,4825,3835,14191
21216,8080,1841,8737,1842,19107,1751,7882,4636,18814,3679
21216,1841,8771,2148,9014,5593,11882,3694,14191,7823
19107,9014,13388,4636,3679
1841,13845,9014,11882,2060
21216,8771,4825,2060,14191,3679
8080,5105,1841,19107,4825,13722,2060,13388
8737,5105,9014,18600,7882,11882,3679
19107,13845,9014,1751,18600,4825,3835,3679
1841,2148,4775,5593,18282,3679,7823
8438,4775,3835,2060,14191
1842,2148,8438,18600,11882,13388
@dps-end:
@rep:2
@time:9.59
@trys:1789998
@seed:125164703
@dps-begin:
19696,1842,8438,9014,4775,4825,9897,2060,7823
1841,8737,20114,9014,18282,4636,7823
20944,1841,1842,9014,8438,4040,12233,18282,2060
1842,2148,9014,4775,4636
21216,1841,8771,16230,5863,2060
1841,20114,8438,9014,19815,4636,14335,7823
21216,2148,5863,4775,12233,7882,9146,4636,13388,7823
20944,8771,2148,14564,8438,17542,9014,14761,18282,8411,7823
20944,1841,8771,4825,18282,7823
21842,8438,9014,3256,7882,2060,20812,7823
21216,5105,1841,20947,9014,4040,5960,4825,9146,4636
8771,5863,4775,2060
8737,1842,4775,4636,13388
21216,8737,16230,9014,5863,4775,7882,7823
20673,20114,2148,8438,4775,21355,2060,6765
5105,1841,8771,16230,4775,4040,5960,4825,4636
8080,1841,1842,8438,4040,3256,9146,2060
21216,1841,20947,16230,4636,7823
21216,1841,8438,4775,5960,4040,7882
9014,8438,5863,4825,9899,13388
@dps-end:
@rep:3
@time:9.79
@trys:1836345
@seed:132011827
@dps-begin:
6257,1842,9014,8438,4825,2060,13388,19901,3679,7823
21216,8080,8737,10740,18282,4636,3694,3679
8737,1842,9014,4636,3679
6257,10740,8438,4775,5593,4825,13388
5105,6257,8438,4775,4636,3694,1775
21216,2352,1841,9014,13388,20189,3679
6257,1842,8438,4775,7882,5340,13388,4636,20189
21216,8737,6257,1842,12229,4636,19901,5599,1775,7823
8737,6257,4775,4636,13388,3679
2352,6257,9010,8771,10740,9014,5863,4825,2060
21216,8737,9014,5863,4775,12233,7882,7823
21216,9014,18282,5340,19901,3679
5105,1842,8438,5593,4825,20189,3679
8080,1841,18282,4636,7823,3679
10740,8438,5863,4825,12233,18282,2060,3679,1775
5105,1841,8737,10740,12229,8438,5863,3256,2060,7823
10740,4775,12233,2060,13388,7823
21216,8737,9010,5863,4636,7823
18368,8438,3256,4825,2060
17280,8080,14564,8438,4775,3256,18792,4825,3679
@dps-end:
@rep:4
@time:7.9
@trys:1479734
@seed:124987441
@dps-begin:
8080,6257,8438,9014,4825,13388,2060,7823,3679
21216,6257,8737,1751,8199,18282,13595,4636,14350,3679
1841,8737,12229,9014,5863,13595,4636,7823
8438,9014,4775,18600,4825,7882,13595
6257,5105,2148,8438,13595,1775,3679
6257,8737,2148,9014,4775,13388,3679
21216,10368,1841,8438,4775,2060,4636,14350,7823
21216,6257,5105,9987,2148,2565,8438,14350,3679
21216,9987,4775,1751,5863,5804,7823,3679
21216,6257,4775,12233,16331,4636,5804,7823
8080,6257,2565,4775,18600,21561,12233,16331,4636,14350,3679,7823
8737,2565,18600,12233,2060,13388,5804,5934,8080,1849,4825,13595,6014
8737,8771,13131,2060,11261,3679
12233,7882,16331,3835,2060,11261,3679
21216,1841,6802,8771,3256,13467,5804,2060
9014,1751,18600,4825,11261,14350,3679
21216,6802,8771,8438,7882,5804,7823
8080,21216,12229,20357,3835,2060,13388
8080,5105,8771,2565,4775,4825,13595,3679
1841,9987,9014,18600,4825,3679,1775
@dps-end:
@rep:5
@time:11.38
@trys:2058644
@seed:123979721
@dps-begin:
8771,8438,9014,9897,4825,2060,13388,7823,3679
2148,9014,5302,4775,4636,13551
21216,6400,1841,9014,5863,5804,4636,3679,7823,14191
21216,2352,1841,8737,16562,9014,14009,14191,3679
21216,1841,8737,12229,9014,5863,5593,4636
2148,5302,8438,4825,2060,14191
5105,2148,8438,5302,4775
5105,8438,5302,5863,17625,18282,2060
1841,5302,4775,5863,7882,4636,7823
5105,2148,8438,4775,5593,3679,14191
8737,5302,8438,4775,4825,7882,13722
8771,5302,5863,3256,4825,2060,5804,14191
21216,6400,5105,1841,4825,3679,14191
1841,12229,8438,4775,4636,13551,3679,14191
21216,6400,1841,8737,20058,7882,5804,7823
2352,9014,8438,5302,4825,3679,14191
8771,5863,4825,5804,2060
8737,9014,13722,14139,4636,7823,14191
6400,16562,9014,18342,4825,13131,2060,4636,7823,14191
21216,1841,8737,12229,5302,10361,13388,14350,7823
@dps-end:
@rep:6
@time:10.941
@trys:2012832
@seed:119777719
@dps-begin:
8080,19696,6257,8438,9014,4825,13388,2060,19901,7823
8737,6257,9014,4775,5340,4636
21216,1841,18282,4636,5340,19901,12463
19696,21216,9014,5863,4775,13722,4636,7823
5105,9014,8438,11882,4636
13909,8438,9014,4825,13722
21216,1841,13909,9014,18282,19901,15325,7823
5105,8771,16884,3256,4825,7882,4636
9014,8438,4775,4825,14797
8080,1841,13732,10740,3256,11882,2060,5804
19696,1841,8737,12229,5863,18282,5340,19901,7823
19696,21216,6257,8737,13732,11882,18282
8771,13909,8438,4825,18282
21216,4775,7882,11882,2060
6257,8771,13909,5863,4825,13388,7823
19696,8771,18282,7882,5340,2060,13388
5105,8438,5863,5593,2060
8771,12229,8438,5863,4775,7882,7823
19696,1841,8438,3256,18282,13722,19901,14797
19696,8771,8438,3256,4825,20825,2060,4636,12463
@dps-end:
@rep:7
@time:9.94
@trys:1836631
@seed:117705823
@dps-begin:
6257,9014,8438,4775,9897,4825,2060,3679,7823
18368,21216,8737,4775,16520,15274,18282,8781,8814,1841,9010,5593,5340
18368,2352,5616,6257,8737,2148,9014,16520,4636,11261,3679
2148,4775,9897,4636,8814,3679,1775
18368,21216,5105,6257,9014,5863,16520,9897,2060,11261,8781
18368,21216,1841,9014,4636,7823
18368,5105,8771,2148,12229,9014,16520,5593,2060,9598,18319,3679
18368,21216,9897,18282,15274,4636,7823
2352,18368,8771,8438,16520,9897,18282,5914,2060,3679
18368,2352,1841,12229,5593,4636,11261,8781,7823
18368,12229,9014,4775,5863,15274,18282,5340,4636,8781,1775
18368,1842,8771,9014,8438,5863,9897,1775
6257,9014,18600,16520,5593,9897,4506,4636,3679
18368,9010,8438,16520,9897,18282,2060,3679
11121,2148,8438,4775,16520,4825,2060
18368,5105,8438,9014,18600,4825,11261
21216,2352,4775,9897,5593,7823
18368,8737,18600,4825,11261,3679,7823
5105,6257,2148,8438,5593,4636
8737,8438,9014,8781,11261,3679,1775
@dps-end:
@rep:8
@time:9.991
@trys:1857519
@seed:112131119
@dps-begin:
6257,1842,8438,9014,4825,2060,13388,7823,3679
21649,6257,1842,14564,4775,5593,18282,13722,4414,3679,7823
6257,1842,14564,8438,8662,4775,18600,5593,4414
21649,14564,8438,4775,7882,4636,2060,7823
21216,1841,6593,2148,9014,12233,18282,7823
2148,9014,4775,5593,13722,4636,3679
21216,1841,21649,6593,8771,8662,4775,2060,18974,20574,3679
21216,8771,14564,2148,5863,4825,4636,7823,3679
5105,8771,14564,8438,8662,5863,2060,3679
21216,21649,1842,8662,7882,4636,3679,7823
8080,21649,9014,8438,13722,18282,11882
1842,8438,4775,4825
8080,5105,21649,6593,8771,2148,8438,4636,3679,16031
8080,8438,2060
6593,1842,18600,7882,2060,7823,3679
5105,14564,2148,8662,8438,18600
1841,6593,1842,8771,5863,4775,5593,4414,3679
8080,21649,9014,4825,7882,2060
21649,8771,8662,8438,5863,4636,2060,4414
21649,9014,8438,13388,4636,18974,7823
@dps-end:
@rep:9
@time:11.22
@trys:2036730
@seed:108626351
@dps-begin:
19696,6257,8438,9014,4775,4825,9897,2060,7823
19696,21216,1841,9014,5593,4636,16495
6257,8737,8438,4775,5593,4825,7882,4636,16495
21216,2148,1669,4775,7882,18731,16495,8080,19696,1841,9010,9014,4636
8737,9014,4775,9897,18731,14139,4636
5105,8737,4775,18600,4825,11882,14139,4636,16495
6257,9010,8438,4775,18600,4825,9897,11882,7882,9339,16495
8438,7882,2060,7823,16495
8771,9014,5863,2060,16495,13711
2352,8771,4775,5863,4825,16495,7823
1841,8771,8438,5593,18282,16495
1841,2148,8438,4775,11882,4636,16495
21216,8737,9014,4775,5863,759,9897,18731,13711,7823
5105,2148,8438,4825,11882
21216,2352,6257,5105,2148,14276,5863,11882,2060,13711
21216,1841,4775,5863,5593,9339,7823
19696,8438,4775,5593,11882,7823,16495
19696,1841,5105,8771,8438,18282,16495
5105,6257,4775,11882,9339,2060,16495
8080,16564,8438,9014,18600,4248,2060,14191
@dps-end:
@rep:10
@time:14.064
@trys:2460283
@seed:107980007
@dps-begin:
19696,6257,9014,8438,4775,4825,9897,2060,7823
8737,1751,4775,5784,5593,13722,4636,13388,4414,16495
5105,2148,9014,8438,4825,16495
2352,21216,1841,9014,5784,7823,16495
8080,19696,8737,4775,19689,17625,5593,16495,7823
6257,9014,1751,5784,19689,5593,4414
21216,8771,19689,9897,5593,13722,13388,4636,2060,15854,7823,16495
19696,1751,5784,19689,5593,13388,4414,16495
19696,5105,4775,5593,2060,16495
8771,2148,5863,19689,4825,13388,16495
19696,1841,8737,7882,18282,4636,4414,7823
6257,8438,3256,7882,2060,16495
2352,19696,1841,8438,4825,6221,16495
9168,19696,8080,2148,9014,5863,4636,4414
8080,21216,19696,8737,5784,5593,9897,4414
8080,19696,1841,8771,17252,9014,5784,3256,4414,7823,16495
5105,6257,8438,1751,4636
2352,19696,9014,9897,4636,13388
21216,8737,6257,8438,5863,5463,5784,18282,16495
19696,1841,8737,2148,8438,3256,12233,16495
@dps-end:
