@rep:1
@time:1.01
@trys:294393
@seed:179424673
@dps-begin:
2465,6964,5432,4952,2585,3161
2336,6964,4952,2585,6527
6964,2585,3161,6527
2465,6964,852,2585
5603,6964,5432,3161,6527
2336,4952,3161,6749,6527
6964,4119,5432,3161,2585
2465,4482,1939,3161,6527
385,2465,6964,5432,1931
2465,1939,6964,5432,3161
2336,4119,3161,1961,1931,6527
2465,1939,5603,6964,2445,6527
2336,5522,6964,4952,5432,6527
2355,6964,4952,5432,4170,299,5821,2446
2336,2465,1154,5603,4998,5432
5603,5109,4119,5432,1961,4203,6527
2465,5109,4998,5432,4952,6024,1931,6527
496,2465,1939,6964,4952,3161,4203
2465,5603,6964,3093,4952,4203
2465,4482,4952,5432,3161,6527
@dps-end:
@rep:2
@time:0.92
@trys:265798
@seed:125164703
@dps-begin:
2336,3682,6964,4952,3161,6527
2465,3779,6964,3161,6043,6527
2336,6964,4952,3161,1931,6527
2336,2465,6964,4952,3161,1931,4879
2465,1186,500,3093,4679,2743,4952,3161,6043,3342,6527
2336,496,2465,3682,6964,3029,4952,5432,6527
6592,6964,3161,6527
1939,6964,4952,3161,6527
496,2336,3779,500,6964,4697,3161
385,6964,2743,3161,6527
6592,2465,6964,4952,3161
2336,1186,3779,3161,6043,4459,6527
6257,2465,5603,1939,3093,4952,6043,4972
496,3779,2743,5432,4952,3161,2445,6527
3168,2465,6964,5432,3161
3168,2336,2465,6964,6527
2465,1186,3682,5603,6964,3093,6527
3168,2465,6964,2743,4952,6527
385,2743,3161,4203,4430,6527
2336,6257,2465,5603,2008,3161,6527
@dps-end:
@rep:3
@time:0.89
@trys:273335
@seed:132011827
@dps-begin:
496,2465,6964,2585,5420,6527
2465,6964,2585,2445,6527
2465,6257,3779,5603,500,3161,5404,5420
6964,2295,2585,6043,4203,1661,6527
6964,3029,4998,4937,3161,2585,6043
609,6964,455,3161,1931,5420,6527
2465,6964,249,1961,6043,5404
496,6964,2585,5420,4461
6964,2585,1961,6527
6964,2585,3161,6527
2465,1939,6964,3161,2445
2465,5603,3161,2585,6043,6527
2465,6964,6599,727,2585
2465,3682,6964,500,3161,2445
3682,6964,3093,4346,299,5821,4430
2465,5603,4998,2585,299,6527
2465,5603,6964,2445,4430,6527
6964,1961,2585,1931,5420
6257,2585,6043,299,1931,6527
6964,500,3161,299,5420,1661,6527
@dps-end:
@rep:4
@time:1.55
@trys:415718
@seed:124987441
@dps-begin:
2465,6964,5432,2585,3161,6043
6257,2465,3779,6964,5109,4119,4952,2585,6527
6964,3093,5432,376,6527
3682,6964,3161,6527
6964,4998,2743,3161,6527
385,6964,727,4203,6527
3682,4998,5432,3161,5821,6527
385,500,6964,2743,2585
2465,5665,385,3161,6043,1931,5821
3682,6964,4998,4952,5432,1931
500,6964,4022,4952,2585
2336,6964,4952,5432,2585,5821
3682,500,2743,4344,2585,4459,1931,2445
3168,2465,5665,6257,4998,4203,6043,2445
385,4482,6964,5432,4203,6043,1661
6964,500,5109,3093,4952,5432,3161,4459,6527
2336,3168,385,6964,5432,1931
2465,385,4482,3779,6964,500,5109,4022
4482,500,4022,6344,2585,1931,2445
2336,2465,385,3682,3093,4952,1661,6527
@dps-end:
@rep:5
@time:0.88
@trys:265991
@seed:123979721
@dps-begin:
5169,4482,6964,4952,2585,6527
6964,2585,3161,6043,6527
5169,6964,5432,3161,6043,6527
6964,3029,4952,5432,6749
385,1154,4482,6964,2743,4952,2585,1931,6043,2125
2482,6964,3093,3161,2585,6043,1661
5665,6964,455,2585,6043,4203,6527,6031
6964,4952,2585,6527
4482,6964,3161,6043,6527
5603,1939,6964,5432,6527
6964,4119,5432,2585,3161
4482,6964,4952,2585,4937,1661
6964,4952,3161,299,6527
4482,1939,3161,6043,6749,6527
3696,6964,3161,1931,6043,299
1154,3682,6964,5432,6527
4482,1154,6964,4203,6527
1186,6964,3161,460,6527
5169,4482,5432,3161,2585,4430,6527
385,4482,6964,4998,2446,6527
@dps-end:
@rep:6
@time:0.87
@trys:266112
@seed:119777719
@dps-begin:
2465,4482,6964,4952,2585,6527
6964,2585,1961,6043,6527
2465,1939,6964,4022,6043,3342,6527
4482,4998,2295,2760,4344,6043,1099,6527
496,6964,376,2585,2445,6527
3168,3029,645,2743,4952,2585,6527
6964,2585,6043,6527
6964,3161,6043,2445,6527
2465,6964,2585,3161
2336,1939,6964,3161,6527
2465,6964,5432,2585
4448,385,6964,3161,6527
2465,6964,3161,6043,460,6527
385,2355,6964,2585
3168,2336,2465,6964,3161
6018,4482,2585,4459,1644,6527
1939,6964,4022,1961,5003,4203,6043,6527
4482,4998,2585,6043,1931,6527
5603,6521,3161,4346,6043,1931,6031,6527
2336,2465,4856,2585,3161,6043,1099
@dps-end:
@rep:7
@time:0.96
@trys:280978
@seed:117705823
@dps-begin:
5169,5603,6964,4952,3161,2445,6527
6592,6964,4952,3161,6749,6527
3779,6964,645,4952,5432,1961,4539,6527
5169,5603,6964,4952,3342,6527
5169,852,6964,3161,6527
6964,2585,1661,6527
5169,5603,6964,5432,1931
5169,5603,6964,5213,6527
5169,4998,3161,1661,6527
5169,5603,6964,1661,6527
3168,5665,6964,4952,4203,1661,6527
2336,5169,6257,6964,4998,3161
6592,6964,5432,6527,6031
496,4482,4952,6344,3161,6527
5169,4998,4952,3161,6527
6964,4952,6344,3161,1931,6527
2385,3093,4952,3161,4203,1661,6527
5169,4482,6964,500,4998,4952
2336,5169,5603,500,3093,6527
5603,3779,6964,645,5432,4952,3161,4539,2445,2799
@dps-end:
@rep:8
@time:0.91
@trys:273043
@seed:112131119
@dps-begin:
2465,4482,1939,6964,3161,6043
2465,5603,6964,4022,4937,4459,5469,6749,6527
6964,5432,2585,6043,6527
385,6964,4315,6043,4203,6527
3216,2465,6964,3161,6043,4203,6527
385,5665,2465,5603,3093,3574,4315,6043,6527
2465,6964,3161,1661,6749
6964,2585,3161,6527
6964,3161,2585,6527
496,6964,4203,6043,1661,6527
2465,5603,6964,5432,6527
385,1939,6964,3093,6043,6527
6964,4952,2585,3161,4170,2445
4482,6964,3093,6043,5454,6527
385,4998,3161,1661,6527
2465,6964,4022,2585
3168,1186,6964,3161,4459,1661,6031
2336,2465,4482,3093,5109,3161,1961
4482,6964,4952,3161,4459,4203,1931,1661
385,3161,4315,6043,4203,6527
@dps-end:
@rep:9
@time:0.97
@trys:287238
@seed:108626351
@dps-begin:
385,6964,4952,2585,2445,6527
5665,6964,4952,2585,6527
6964,4344,4952,2585,6031,6527
6528,6964,3702,376,3161,2585,6031
2465,6964,2585,3161
6964,5432,3161,2585,2446
2465,6964,3161,2445,6527
1939,6964,4952,3161,6527
2465,1939,5603,6964,2445,6527
2465,6964,4022,4344,3161,6527
385,6964,4344,4952,6521,6749,6527
3682,6964,4998,4952,3161,2585
2465,6964,4022,2585
4998,4119,3161,2445,6527
2465,5603,6964,4022,6344,3161,6749,2799
3168,2676,6964,3093,5286,3161,4203,1661,6031
2465,38,4952,3161,2585,4459,5213,6527
385,6257,6964,4998,38,727,6749,6527
3682,4998,4952,3161,6527
3168,5603,6964,4952,2445,6527
@dps-end:
@rep:10
@time:0.92
@trys:280305
@seed:107980007
@dps-begin:
385,6964,2585,5420,6527
4482,6964,2585,6527
2465,3906,6964,3161,4203,6043,6527
385,6964,1931,5420,6527
6964,3029,3093,5432,6043,1931,1916
2465,6257,4482,5603,2295,3161,2585,5420,6527
2465,6964,3161,2585
2465,6257,4482,4998,3161
2465,6964,3093,2585,2445
6964,4998,4952,3161,6527
3168,2465,5432,3161,4203,6043,1916
2465,5432,3161,1961,2585,4346
496,2465,5603,6964,5432
6964,2585,3161,1931,5420
144,6528,2465,5603,6964,4022,4952,4203,1916
6964,5432,2585,1961,6031
5603,6964,5432,5213,6749,2446,6031
5169,6964,500,4952,3161,6527
6528,2465,6964,5432,2585
2336,496,2465,465,5603,4346,1931
@dps-end:
