@rep:1
@time:4.08
@trys:986584
@seed:179424673
@dps-begin:
2577,261,6439,3804,6638,3919
12132,7830,6439,8828,5534,6638
7259,8828,6973
6256,902,6439,7595,6638,4463
7830,6439,8808,8828,6638
10501,6439,8828,6319
10147,12132,7493,10501,12446
304,966,8552,7528,12446
8828,3039,4463
10147,902,6439,10967,9673,8828
12132,966,8808,8828,6638,4463
304,2577,7493,908,8828,5534,6638
10147,10967,6638,3919
10810,8828,6973,6638
7493,10501,966,7830,7595
6512,8828,5534,6638
6439,3804,5534,3919
12132,261,9070,6638
12132,7830,3260
7749,10967,10810,12446
@dps-end:
@rep:2
@time:4.18
@trys:973780
@seed:125164703
@dps-begin:
10706,261,8552,5453,6638,3919,6239
7259,8828,6973
7830,8828,6638,5534
9937,11044,3804,8828,6638
5745,6440,6638
11044,8828,6637
7641,8828,3804,5534
12132,7830,6319
11044,7493,7830,8828
8291,10501,10967,8828,6638
9173,8828,6973,5534
1312,10501,7493,6638,3919
2417,12132,7528,6973,6638
9361,12132,3925,7830,8828,6637
9937,9361,10967,8828
3925,7528,6440,6637,6638
12242,275,966,8828,5534,3919
10501,966,6319,3919
7493,10967,6973,5534
10501,8828,5453,9262
@dps-end:
@rep:3
@time:4.13
@trys:999261
@seed:132011827
@dps-begin:
261,6439,8552,3804,6638,3919
2660,6439,8828,5534
6439,7259,8828
8552,6637,318,4463
1171,12132,261,6006,151,6319
10501,966,4825,971,8828
2660,12132,7830,10967,6439,9673,6638
7528,6440,4825,8828
8450,9173,902,4825,6973
7493,966,7259,8828,6973
7074,966,902,9673,6638
10501,1319,8828
7830,6006,8828,5534
7493,10501,902,6439,6637,5534
7749,966,4825,318
114,2660,8828,6973
2577,7493,10967,7641
7749,6006,7641,3804,5534
5745,10967,9673,4825,6638
5745,261,966,6440,5534
@dps-end:
@rep:4
@time:3.95
@trys:974095
@seed:124987441
@dps-begin:
10706,966,6439,8828,5453,6638
2577,261,9099,6319,3039
544,12132,3804,8828,5534
3538,6440,3804,8364
2579,261,10501,6440,8828
11156,966,3804,8828
544,7259,1579,8828
8704,3538,12132,6439,7528,11165,6638
2579,7830,966,6439,8828,5534
261,6638,6319
2577,3538,7830,2971,3804
11044,7830,8828
7493,6637,5534
9173,8828,5453,5534
12132,7830,9673,6139,6637
3538,261,3804,5534
2577,7729,6758,6638
275,1171,261,8828,5101,6638
11156,3804,8828
11376,4434,966,9673,318
@dps-end:
@rep:5
@time:4.25
@trys:1049797
@seed:123979721
@dps-begin:
6439,8828,5453,6638
261,7493,7641,5534
902,7259,8828
6421,6439,6637,5534
275,261,6439,4463,6319
11044,7493,6637,6638
7493,10501,6439,8808,9099,8828,6638
7810,6421,6006,966,6439,8828,3804,318
12132,261,966,9580,3804
2577,9173,8828,5534,6638
2577,6440,8364,3804
275,8259,261,6440,9099,3804,6638
9361,10501,261,6440,4463
11044,12132,7830,6440,3804,8828,5453
12132,7830
12132,261,8808,6638
6638,9262,4463
9361,275,12132,261,6006,6637
6440,5534,4463
275,261,2008,3804,6638,12446
@dps-end:
@rep:6
@time:4.87
@trys:1087330
@seed:119777719
@dps-begin:
2577,10706,12390,6439,5453,6638,3919
7555,7528,8828
7259,8828,4463
7830,8828,6319
960,8291,6440,4463
7555,12132,7830,6637
7299,10501,966,8828,318,6638
11156,7830,966,5453
8291,10501,9173,966,8828,5453
2577,7555,7528,6637,6638,318
10706,261,10501,8808,8828,5453,4031,3919
7830,902,6440
9173,8828,4031
7559,6439,6638,4463,3919
10501,7830,318,3919,4031
10501,8828,6637,6973,4031,4463
261,902,1530,6973
12132,6439,1530,1579,6973,4463
5745,1530,8828
8291,261,10501,318
@dps-end:
@rep:7
@time:3.74
@trys:898383
@seed:117705823
@dps-begin:
2577,6439,8330,3804,6638,3919
902,7830,6439,5534
7259,8828,6973,8607
11620,902,6439,6440,7528,8828
261,10501,8828,6319
8291,10501,7493,6440,6638
6003,7493,8828,6637,5534
11620,9173,6439,8828,5870,6638
8828,3039
8291,7493,10501,902
11620,10501,7493,10967
8291,966,6973
11156,966,8828,6638
7810,261,8828
1796,7830,8828,3804,6637
261,7528,3804,6638,3039
10501,7493,966,8330,9551
7830,966,10967,8330,6319
2577,11620,7493,902,7830,7641,3919
9173,6439,7641,5534
@dps-end:
@rep:8
@time:4.34
@trys:998742
@seed:112131119
@dps-begin:
2577,10706,261,5453,6638,3919,6239
966,7830,10810,12446,3919
7259,8828,3804,4463
960,6440,4463
966,7528,3804
10501,8828,318,6319
7361,9361,10501,8828,4463
544,5785,8828,3804,6637,4463
12387,12132,7830,8828,6973,3919
5785,3804,8364,8828,6638
960,9173,8828,5453,6638,5534
12132,10501,4778,8828
544,12387,6440,8828
11044,7528,8828
12387,7749,10501,6239,4463
966,6973,6319
261,10501,7749
8770,261,3804
7361,9361,6637,3919
5785,7641,8828
@dps-end:
@rep:9
@time:3.81
@trys:898196
@seed:108626351
@dps-begin:
10706,261,6439,8552,5453,6638,3919
6421,7259,8828,5453,6638
6421,10967,3804,5534,3919
7259,8828,6638
11044,902,10967,8828
6421,8828,5534,3039
3538,7830,6973,6319
10501,6439,10392,8828
1319,8828,5534,6638
6439,7528,8828,3039
7830,10810,3804,6637,3919
9173,11641,8828,3804
11156,902,7830,966,3804,6638
966,7528,6973
3713,8828,6637,6638
10967,6439,11641,3804,6637,6638
11044,6421,261,3804
5745,6439,5534,3919
12484,12132,3804,8828,6637
3538,10501,902,6439,8552,10810
@dps-end:
@rep:10
@time:4.32
@trys:1037933
@seed:107980007
@dps-begin:
2577,1171,12390,6439,3804,3919
6440,8828,5534,4463
10260,10501,261,966,8458,8828
275,11620,261,6973,4463
7259,8828,4463
304,7493,966,6637,5534,3919
8291,1171,7493,10501,12390,10967,8828
7830,902,9099,3039
11620,10501,7493,966,6637,6638
966,7528,9673,6319
12132,7528,8828
8291,966,7830
5745,261,966,318,3919
275,261,908,5724
11620,12132,9173,902,6439
11620,6440,3804,5534,4463
6512,9673,8458,8828,5534,6638
304,7493,6439,6637,3039
8291,10501,902,10967,6973,6638
4883,12132,6439,8828,318,5534
@dps-end:
