@rep:1
@time:1.88
@trys:504000
@seed:179424673
@dps-begin:
2577,261,6439,3804,6638,3919
6439,3804,8828,6638
2577,6439,3804,6638,3919
966,6439,8828,3804,6638
261,966,6439,3804,6638,3919
261,966,8552,3804,6638,3919
1171,261,966,3804,8828
11138,261,966,8552,3804,6973,3919
902,6439,3804,8828
8578,8828,3804,6638
2577,261,6439,6638,3919
966,8828,3804,6638
966,6439,8828,3804
2577,261,3804,6638,3919
2577,261,6439,3804,3919
261,6439,8552,3804,6638
261,666,3804,8828
12132,6439,8828,3804,6638
6439,3804,8828,6638,4463
7493,6439,8828,3804
@dps-end:
@rep:2
@time:3.2
@trys:781200
@seed:125164703
@dps-begin:
2577,10706,261,966,5453,6638,3919,6239
10706,261,3925,966,8552,6638,3919,6239
2577,10706,966,8552,8330,5453,6638,3919
10706,261,966,5453,6638,6239,3919
2577,10706,261,966,5453,6638,3919
2577,261,5453,6638,3919,6239
2577,10706,1171,3925,966,8330,6638,3919
2577,261,3804,6638,3919,6239
10706,261,966,8828,5453,6638
2577,10706,3925,261,966,8828,6638
10706,966,8552,5453,6638,3919,6239
966,8552,8330,5453,6638,3919
10706,966,8330,5453,6638,3919
10706,1171,966,8828,5453,6638
261,966,8552,5453,6638,3919
261,966,5453,6638,6239,3919
10706,261,8552,8330,6638,3919
10706,966,8552,8330,3804,6638,3919
10706,3925,966,8552,5453,6638,3919,6239
10706,1171,3925,8552,8330,6638,3919
@dps-end:
@rep:3
@time:4.54
@trys:1020600
@seed:132011827
@dps-begin:
2577,10706,8578,966,12390,6439,5453,6638,3919
10706,261,6439,8552,5453,6638,3919
10706,8578,275,6439,8552,154,8330,5453,6638,3919
2577,10706,3925,12390,6439,5453,6638,3919
2577,10706,275,261,3925,902,6439,5453,6638,3919
10706,261,6439,8552,154,5453,6638,3919
2577,10706,966,6439,5453,6638,3919
902,6439,8552,8330,5453,6638,3919
10706,12390,6439,8552,5453,6638,3919
10706,8578,275,902,8552,8330,5453,6638,3919
10706,275,6439,8552,8828,5692,5453,6638,3919
261,902,6439,8552,5453,6638,3919
2577,10706,966,6439,154,5453,6638,3919
2577,10706,3925,902,966,6439,5453,6638,3919
2577,10706,12450,966,6439,5453,6638,3919
2577,275,3925,12390,902,6439,8552,8330,6638,3919
261,6439,8552,3804,6638,3919
10706,261,902,6439,8552,8828,5453,6638
2577,10706,275,3925,902,6439,8828,5453,6638,3919
2577,10706,261,966,154,5453,6638,3919
@dps-end:
@rep:4
@time:4.89
@trys:1096200
@seed:124987441
@dps-begin:
2577,10706,8578,12390,6439,5453,6638,3919
2577,10706,261,6439,5453,6638,7503,3919
2577,10706,3925,6439,8330,6638,3919
2577,10706,12390,6439,154,5453,6638,3919
2577,10706,1171,261,3925,966,6006,6439,6638,3919,6239
2577,10706,8578,261,6006,6439,154,5453,6638,3919
2577,10706,1171,6439,5453,6638,6239,3919
2577,10706,6006,12390,6439,3804,6638,3919,7503
2577,10706,1171,6439,9099,8828,5453,6638,6239
2577,261,966,6439,5453,6638,3919
2577,10706,1171,3925,966,6006,6439,6638,6239,3919
2577,10706,1171,902,6439,154,8330,9099,5453,6239,3919
2577,10706,902,6439,154,8330,6638,3919
2577,261,966,6439,3804,6638,3919
2577,10706,261,154,9099,6638,6239,3919
2577,8578,1171,8330,154,9099,3804,3919
2577,8578,821,966,8330,9099,3804,6638,3919
10706,261,902,6439,154,5453,6638,6239,3919,7503
10706,966,154,8828,5453,6638,7503
2577,261,966,6006,6439,8330,154,9099,5453,6638,6239,3919
@dps-end:
@rep:5
@time:3.03
@trys:743400
@seed:123979721
@dps-begin:
2577,10706,6439,8828,5453,6638
10706,3538,261,966,6439,8552,9099,5453,6638
2577,10706,261,8552,8828,5453,6638
3538,10706,6439,8552,154,8828,5453,6638
10706,1171,261,666,154,8828,5453
6439,8828,5453,6638
10706,3538,966,6439,8552,5453,6638
6439,3804,8828,6638
2577,6439,8828,5453,6638
10706,966,8828,5453,6638
2577,3538,261,6439,666,9099,5453,6638
3538,10706,261,8552,666,5453,6638
6439,2907,8828,5453,6638
2577,3538,10706,6439,2907,5453,6638
10706,3538,1171,261,6439,9099,5453,6638
2577,10706,261,6439,8552,9099,5453,6638
2577,3538,10706,261,966,6439,2907,5453
966,6439,8828,3804,6638
3538,1171,261,6439,8552,3804,6638
6439,2907,8828,3804,6638
@dps-end:
@rep:6
@time:3.591
@trys:844200
@seed:119777719
@dps-begin:
2577,10706,12390,966,6439,5453,6638,3919
2577,10706,261,666,5453,6638,6239,3919
2577,10706,3925,6006,12390,6439,666,6638,6239,3919
2577,10706,1171,12390,6439,154,5453,6638,3919
2577,10706,3925,261,6006,6439,6638,3919
2577,10706,261,12390,966,154,5453,6638,6239,3919
2577,10706,966,6439,5453,6638,3919
2577,12390,6439,5453,6638,3919
2577,10706,275,1171,12390,966,5453,6638,3919,6239
2577,10706,261,5453,6638,3919
10706,275,6439,666,8828,5453,6638
10706,261,966,5453,6638,3919,6239
2577,261,6439,5453,6638,3919
2577,10706,3925,6439,6638,3919
2577,12390,966,6439,3804,6638,3919
2577,10706,275,6006,966,12390,6439,154,6638,3919
2577,10706,275,1171,6006,6439,154,5453,6638,3919
10706,275,966,12390,6439,154,666,5453,6638,3919
2577,10706,261,966,8828,5453,6638
10706,3925,966,6439,8828,6638
@dps-end:
@rep:7
@time:3.2
@trys:768600
@seed:117705823
@dps-begin:
2577,10706,6439,8330,5692,5453,6638,3919
2577,10706,3538,1171,261,6439,9099,5453,6638,3919
2577,3538,10706,3925,902,6439,8330,6638,3919
2577,10706,261,3925,6439,5692,6638,3919
2577,10465,10706,1171,902,6439,5453,6638,3919
2577,3538,10706,1171,6006,6439,8330,5453,6638
2577,1171,6439,8330,3804,6638,3919
10465,2577,261,6439,8330,5453,6638,3919
2577,10706,1171,275,261,5453,6638,3919
2577,10706,6439,8828,5453,6638
2577,3538,10706,1171,275,261,6006,8330,9099,5453
10706,261,6006,8330,5692,5453,6638,3919
10706,3925,966,6439,8330,6638,3919
2577,10706,3925,6439,6638,3919
2577,275,1171,3925,902,6006,6439,8330,6638,3919
2577,261,6439,3804,6638,3919
10706,1171,261,3925,6006,8330,6638,3919
2577,10706,3538,1171,3925,261,6439,5453,3919
10706,1171,3925,6006,6439,8828,6638,3919
3538,10706,261,902,8330,8828,5453,6638
@dps-end:
@rep:8
@time:3.93
@trys:894600
@seed:112131119
@dps-begin:
2577,10706,261,5453,6638,6239,3919
2577,10706,1171,261,3925,6006,6638,3919,6239
2577,10706,261,154,5453,6638,6239,3919
10706,8578,966,8552,5453,6638,3919,6239
2577,10706,261,5453,6638,3919
10706,261,5453,6638,6239,3919
2577,10706,8578,966,6006,8828,5453,6638
10706,1171,261,966,8828,5453,3919
2577,10706,8578,1171,275,3925,966,8828,5453,6638
10706,275,261,3925,966,8828,5453,6638
2577,10706,3925,261,966,6973,6638,6239,3919
1171,275,261,3925,8552,3804,6638,3919,6239
10706,966,8552,5453,6638,6239,3919
10706,966,8828,5453,6638
10706,261,966,5453,6638,3919
261,8552,5453,6638,3919
275,261,5453,6638,6239,3919
10706,1171,261,8552,5453,6638,6239
10706,3538,261,966,5453,6638,6239
10706,3925,966,8552,5453,6638,3919,6239
@dps-end:
@rep:9
@time:3.33
@trys:819000
@seed:108626351
@dps-begin:
10706,261,966,6439,8552,5453,6638,3919
10706,261,6439,8552,154,5453,6638,3919
10706,3925,261,966,6439,8552,9099,6638,3919
10706,966,6439,8552,5453,6638,3919
10706,966,6439,8828,5453,6638
10706,261,966,8552,5453,6638,3919
10706,261,966,6439,5453,6638,3919
261,6439,8552,5453,6638,3919
10706,275,3925,6439,8552,9099,6638,3919
10706,275,6439,8552,154,5453,6638,3919
10706,261,966,8828,5453,6638
261,966,6439,8552,3804,6638,3919
10706,966,6439,154,8828,5453,6638
10706,3925,261,8552,6638,3919
10706,3925,966,6439,8828,6638
10706,261,8552,154,9099,5453,6638,3919
10706,3925,261,966,6439,9099,6638,3919
275,3925,261,6439,8552,9099,6638,3919
10706,275,261,3925,8828,5453,6638
10706,275,261,154,9099,8828,5453,6638
@dps-end:
@rep:10
@time:3.885
@trys:894600
@seed:107980007
@dps-begin:
2577,10706,6006,12390,902,6439,5453,6638,3919
2577,10706,3925,6006,12390,902,6439,6638,3919
2577,10706,12390,6439,154,5453,6638,3919
2577,10706,261,12390,6439,5453,6638,3919
2577,10706,261,3925,902,6439,6638,3919
10706,261,6439,8552,154,5453,6638,3919
2577,1171,275,6006,12390,6439,5453,6638,3919
2577,10706,6006,902,966,6439,5453,6638,3919
2577,1171,12390,966,6439,8552,3804,6638,3919
3925,12390,6006,966,6439,8552,666,6638,3919
1171,261,6006,6439,8552,5453,6638,3919
10706,275,902,6439,8828,5453,6638
2577,10706,275,1171,261,12390,6006,966,6439,8552,5453,3919
10706,275,261,902,966,6006,6439,5453,6638,3919
10706,1171,261,6006,8552,666,5453,6638,3919
2577,261,966,6439,3804,6638,3919
2577,261,3925,12390,6439,6638,3919
2577,3925,966,12390,902,6439,8552,3804,6638,3919
10706,261,3925,6006,12390,902,6439,6638,3919
2577,12390,6006,902,6439,8552,154,3804,6638,3919
@dps-end:
