@rep:1
@time:2.08
@trys:816374
@seed:179424673
@dps-begin:
3240,3130,4938,1499,6764
4785,150,1499,6764
6416,4790,3130,4938,1499
6533,629,3130,1499,6764
6416,3130,4938,1499
6416,4314,2923,1499
1906,4790,4938,1499
1906,4790,7064,1499
6577,4938,3130,1499,6764
4790,3099,1499
6416,1556,1499,6764,2204
7064,4938,1499,6764,7118
6416,150,4790,4938,1499
6416,2838,1499,2923,6764,6636
629,3130,1499,6764
1556,1499,2204,6764,6207
150,4938,3130,1499
1056,6533,629,1499
4785,1556,150,6764,2204,6207
1056,1499,6764,1116
@dps-end:
@rep:2
@time:1.63
@trys:701141
@seed:125164703
@dps-begin:
4785,150,1499,6764
1056,4133,936,1499,5135
6533,2838,1499
3801,3130,4314,2923,1499
896,6533,4790,1499
4790,1499,3099
4785,4790,1499,2974,6911
4785,4133,150,1499,2204
1056,1499,5135
3130,4314,1499,2923
4133,4790,3130,1499,2974
1056,4133,759,1499,2974
896,6533,1499
4790,1499,2204
4785,3801,1499,2974,6911
4785,150,1499,6911
3157,150,3736,1499
6533,4790,4314,1499
7064,4314,1499,2923
896,4785,3130,1499,2974
@dps-end:
@rep:3
@time:1.99
@trys:844555
@seed:132011827
@dps-begin:
3240,3130,4938,1499,2335
629,3240,3130,1499,6764
4785,150,1499,6764
6533,4938,1499,6764
1056,1499,6764,2974,5135
3923,3240,4938,1499,3069
3130,4938,1499,6764,6879
6533,2838,1499
4790,1499,3099
2165,2838,3240,1499
3240,1499,2204,6764
896,6533,4790,1499
2514,4790,3240,1499,3069
1056,4938,1499,6764,1116
1056,150,4790,4938,1499
629,3130,1499,1308
3240,1499,6764,3069
1056,3130,4938,1499
4790,3130,1499,2974
1056,2514,4790,1499
@dps-end:
@rep:4
@time:1.18
@trys:516095
@seed:124987441
@dps-begin:
4785,150,4938,1499,6764
6533,4938,1499,6764
7064,4938,1499,2335
1056,3801,4938,1499,3964
1056,6416,5783,1499,3964,6764
1056,2838,4938,1499,3964
6416,4790,4938,1499
1056,1499,2828,5135
629,7064,1499,2335
1056,629,3801,1499,3964
4790,1499,3099
1056,150,4938,1499
6533,2838,1499,2828
6533,4790,1499,5631
6416,2838,5783,1499,3964
3801,4938,1499,3964,2335
6416,1499,2923,3964,2335
6416,4790,1499,2204
150,7064,1499,2335,5631
2337,150,2838,1499
@dps-end:
@rep:5
@time:1.07
@trys:494589
@seed:123979721
@dps-begin:
4785,3240,1499,2974,2335,6911
4785,2838,150,1499
629,3240,7064,1499,2335
6533,2838,1499
2337,629,1499,1308
6416,4790,1499,2923,3964
896,6533,4790,1499
2165,2838,3240,1499
3240,1499,2204,2335
6416,4571,1499,1116,3964
2337,629,150,4790,1499
2337,2838,1499,6718,7118,2335
3240,1499,3964,2335
4790,3240,1499,2335
4790,1499,2204
6416,2165,2838,1499
629,4790,7064,1499
2838,3240,1499,6911
4785,150,1499,2204
6416,629,4133,1499,3964
@dps-end:
@rep:6
@time:1.28
@trys:545043
@seed:119777719
@dps-begin:
3240,4938,3130,1499,2335
4790,150,1499,332
1056,3553,4938,1499,3964
629,3240,1499,3964,3069,2335
6533,4938,1499,1308
1056,1499,3550,2974,5135
629,3240,1499,2335
6533,2838,1499
4790,3099,1499
150,1499,2204,3550
1056,150,4938,1499
6533,629,3801,1499
3130,4938,1499,6718,2335
1056,2838,4938,1499,3964,2335
896,6533,4790,1499
6533,2486,2838,1499
4790,1499,332
164,3130,4938,1499
3240,7064,1499,2335
3801,4938,1499
@dps-end:
@rep:7
@time:1.13
@trys:502092
@seed:117705823
@dps-begin:
4785,150,1499,6764
629,3240,3130,1499,6764
896,6533,3130,1499,5867
4790,3130,1499,332
6533,2838,1499
1056,1499,6764,5135
1056,629,3240,3130,1499,6764
4790,3099,1499
2165,2838,3240,1499
3240,1499,2204,6764
4785,2838,150,873,1499
629,3240,1499,6764
4790,3240,3130,1499,2923
6416,2165,2838,1499
896,2165,1499,332
4790,1499,2204
873,3130,1499,2923,332
4785,150,1499,2204
6416,896,1499,2923,332
1056,1499,1116,6764
@dps-end:
@rep:8
@time:1.76
@trys:744984
@seed:112131119
@dps-begin:
4785,150,4938,1499,6764
6416,4790,3130,1499,2923,332
2337,629,3130,1499,6764
7064,4938,1499,2335
1056,4938,1499,1308,3964
6533,4938,1499,6764
936,1499,6764,5135
6416,4790,3130,1499,2923
936,1499,3964,2335
6533,3130,4938,1499
629,6533,1499,6764
629,7064,1499,2335
6839,3801,1499,2204
2337,629,3130,1499,6718
896,6533,3130,1499
629,6533,1499,1308
6416,6839,4938,1499,2335
1056,150,4938,1499
936,4938,1499,1116,6764
2165,936,3130,1499,3964,1308
@dps-end:
@rep:9
@time:1.44
@trys:623281
@seed:108626351
@dps-begin:
4785,150,4938,1499,6764
6533,4938,1499,6764
936,1499,6764,5135
4148,4790,4938,1499
2337,629,1499,6764,2974
6416,4314,1499,2923
6533,629,4790,1499
150,4938,1499,1308
6533,2838,1499,5631
2165,2838,3240,1499
4148,4790,1499,2204
1056,5252,4938,1499,6764
2337,1714,629,2165,1499,6764
6416,2165,4790,4938,1499
1056,1499,5135
6416,2838,5783,1499
896,6533,1499
6416,150,4938,1499
2337,150,1499,6764
690,1499,1308
@dps-end:
@rep:10
@time:1.944
@trys:794405
@seed:107980007
@dps-begin:
936,3784,4938,1499,6764,3964
4785,150,1499,6764
6533,4938,1499,6764
7064,4938,1499,2335
936,3801,4938,1499,3964
936,1499,6764,5135
936,1499,6764,3964
4790,3130,4938,1499
629,6533,1499,6764
896,6533,4790,1499
4790,1499,3099
629,7064,1499,3964,2335
4938,1499,3964,1308,2335
1056,4790,150,4938,1499
4785,2838,150,1499,2204
4790,936,1499,3964
629,3801,3130,1499
1056,4938,1499,1308
3801,4938,1499,2335
690,1499,1308
@dps-end:
