@rep:1
@time:3.84
@trys:494393
@seed:179424673
@dps-begin:
11026,821,3148,9167
7138,7507,2731
7507,5143,9596
4722,3555,3977,6876
12096,10513,10548,326,538,6876
10674,326,8394,859,6876,12013
10432,11026,4147,5695
11314,8584,2731,3148
5139,10548,8775,4585,1162,11886
709,3977,10252
6769,7586,9652,5542,7228,1469
691,5542,6632,1098,12013,2046
658,3859,5542,326,4793
11746,386,12002,1702
6738,5946,6028,8541
12481,10856,5839,11231,5791
5795,4147,3620,3977
4596,8279,11817,11673,4585,2731
4147,6470,8376,4954,2731
7586,307,6470,6876,3052
@dps-end:
@rep:2
@time:3.631
@trys:481379
@seed:125164703
@dps-begin:
12010,3148,990,9167
8769,8017,326,1227
7633,3620,11673,2046
7507,7203,1094,10363,990
8017,11026,3221,1702,2215,6632
7633,7138,3555
4496,12481,8956,5837
7633,11987,7572,2332,6876
7121,5621,2425,3148,7052
9760,8017,7158,3014,2731
9760,6738,6632,7498,7052
10432,252,7052
4066,3253,6054,12010,12236,7052,7407
8019,7044,7845,7052,8413
4083,7684,10121,7067,7052
8017,4708,773,377,1162,907,3148,3645
8266,12170,7052,2989,11231
3792,3014,6054,6876,1564,1631
8017,7480,1577,3242,4830,4671
7586,10324,3191,2425,12602,7228,5839
@dps-end:
@rep:3
@time:3.49
@trys:456136
@seed:132011827
@dps-begin:
7633,2425,3148,3182
11888,1098,6795,8541
7138,87,1098
3555,4963,5140,3182
10432,5143,10778,6572
10363,2171,4476
9138,7507,10548,6632
4657,3014,1916,2046
4944,10548,1702,8919,5839
7203,10324,6028,5837
7573,3014,1162,8413,3918
9760,7586,11586,11081,8572,10239
7586,709,3014,728
9795,10324,11624,1098,9583,5839
1776,8481,8017,11890,1702,3014
620,10252
8017,11026,3861,11269,6876,9167
1602,3379,10548,8394,11514,1564
709,9495,12123,3148
8769,4147,7208,1098
@dps-end:
@rep:4
@time:3.64
@trys:481182
@seed:124987441
@dps-begin:
7633,2425,3148,3182
5542,4476,12445
5109,1595,6028,3148
5040,3585,1685,3946,3148
5143,1639,2046
9972,5143,1639,1564,3148,1469,3726
561,11514,3148
7586,7044,1772,4542,11886,11567
4496,8017,389,4663,2731
464,9760,3555,8541
9393,7044,11684,5109,5510,3148
10311,10283,10252
6769,9393,7645,10989,3182
8017,7138,4067,3148
10432,8017,10513,1238,326
6738,243,8741,709,11673,12235
10336,7440,7586,1564,2284,3148
7044,11050,1162,6858
11586,5109,7477,859,6028
8112,7138,7507
@dps-end:
@rep:5
@time:3.451
@trys:455891
@seed:123979721
@dps-begin:
1639,3148,9167,5839
3585,10283,10363,4476,9596
7138,10358,9928,2425,6795
8017,7697,7667,3148,6892
10252,11886
10432,4147,7044
8017,8769,1272,207
561,1094,3014
4789,1702,7496,3182
10193,4596,11673,10283,859
3555,11673,1035
4596,5542,5510,5975,7032,1515
2425,5802,7052,12462,3182
4944,5542,9751,2026,10602,3146,1564
11570,7845,9751,2425,2731
10324,709,7052,4878,8175
10432,5542,12487,1695
3585,709,12123,7052,990
11348,10363,2123,5837
8017,3681,1564,6876,6623
@dps-end:
@rep:6
@time:3.46
@trys:455821
@seed:119777719
@dps-begin:
5606,2425,3148,3182
709,859,636,8541
12148,10548,3148
289,3555,136,2026
10548,11231
5426,3620,2425,9711
1702,6858,2731
10432,11026,7886
3792,1702,4671
12123,2731,2332,3148
5606,6886,7052,4476
289,3432,10363,2635
6994,7507,9495,253
289,7044,1078,9259
8769,9381,6873,1035
8324,6457,7052,8413,5839
10513,10324,7498,3722,3148
6769,9540,1877,1702,9259
10049,7633,709,5143,2635
8017,3014,2791,1469,8030
@dps-end:
@rep:7
@time:3.6
@trys:481032
@seed:117705823
@dps-begin:
8200,2425,3148,3182
4147,7203,10324,12264
3014,1881
10432,1098,5743
7138,2425,4671
5139,10252,11135
8769,4147,5695
7875,8741,6886,326,10856
5542,11673,4476
9393,7507,6230,793,3146
9760,6785,10548,859,7228
561,10548,6974
12010,2043,4013
1424,12002,4793,252
5621,6359,2731,6876,2046
9488,12146,5143,10363
11552,4944,5521,10363
11314,12002,307,12010,9069
10353,3977,3242,11514,12602
3555,6181,4663,12151,12602,12235
@dps-end:
@rep:8
@time:3.55
@trys:468285
@seed:112131119
@dps-begin:
2425,3148,990,9167
11571,1272,10363,4476
1744,1874,1702,2425,12236
917,859,2171,1564,5950
3248,11346,7032,2425,3148
3792,4869,1078,6584,3722,3148
12146,3555,5143
561,11514,1098
10916,1881,5837
3792,10769,1123,326,8541
1123,1702,87
9393,289,1230,5743
10363,8811,3148,3869,11886
8017,4708,5669,4460
7138,1702,793,12447
12002,8584,9596,3182,11103
10914,326,793,6858
10432,8370,3189
8769,8019,5818,6623
2882,322,3014,2425,427,10671
@dps-end:
@rep:9
@time:3.401
@trys:455935
@seed:108626351
@dps-begin:
7633,3148,3182,9167
4000,4476,5837,5695
11173,7052,12462
833,7138,11173,7052
12146,10283,10252
10548,8584,3148,9583
8625,2425,5837,2046
8324,1702,87,11611
561,2731,3182
3792,3722,3148,7228
243,9495,10535,6730,8812,8541
1639,9352,9384,10363,3148,11327
10513,8324,6328,3994,1564
8017,7586,4323,12279,3898,6876
8017,691,2467,10856,7500,11103
9554,6535,2425,3148
4496,12481,8956,5837
3792,10769,3684,9381,1877,6981,9947,5839
6933,10856,12312,3564,8541
10432,1617,307,5094,3182
@dps-end:
@rep:10
@time:3.66
@trys:481384
@seed:107980007
@dps-begin:
7633,2425,3148,3182
1639,7032,2046
2882,7477,1702,1639,252
7138,6738
9298,8450,2355,2425,3148
8769,7812,793,2059
4596,7032,793,1035,10363
10432,12023,1162
11026,10819,10363,3148,1469
8416,3248,10513,6769,709,7498
8017,11026,4066,2964,6623
1424,12146,7032,2731,11886,9599
4000,561,3148,8526
12002,709,10252
8950,343,1162,859,2366
145,4066,8950,1162,9259
7520,9760,7684,6228,3994
8950,7032,1162,2476,9934
8370,8951,6858,10363,3148
9504,8017,2355,10916,10363,6332,207
@dps-end:
