@rep:1
@time:7.312
@trys:1519129
@seed:179424673
@dps-begin:
8771,9014,8438,3835,2060,4636,3679,7823
8737,3336,7882,4636
1841,10740,7882,13551
6656,8771,8438,16008,3679,13551
9014,18104,4636
8737,15201,7882
2148,5029,16008
1842,13592
8737,306,1842,4636
8737,2148,1751,16254
13920,9014,13551
219
14367
16807,13004,13551
6657,9014,1751,3679,13551
1842,12888
20645,9014,4636
1841,4773
8737,13471
1841,8771,8110
@dps-end:
@rep:2
@time:5.68
@trys:1273355
@seed:125164703
@dps-begin:
1842,9014,8438,4775,4825,2060,7823
8737,9014,3336,4636
9014,4731,13388,16495
9014,18104,4636
15201,8737,9014
1842,13592
306,19908,4775,4636
9014,4825,1418
13920,9014,4825
8737,1842,16254,7823
219
14367
8438,16807,4825
4385,4775,4636
9014,12888
6657,8737,13388
8737,13471
4773,12229
10881,8771,18731,8110
1842,10389,4775,4825,18731
@dps-end:
@rep:3
@time:8.641
@trys:1764317
@seed:132011827
@dps-begin:
6257,1842,9014,8438,4825,2060,13388,19901,3679,7823
8737,3336,4636,13388
5220,9014,5914
6257,4636,3694
9014,18104,4636
8737,15201,9014
1842,13592
13920,9014,4825,3679
8737,306,4775
9014,4825,1418
219
14367
1842,1751,16254
8438,16807,4825
16419,3336
9014,12888
6657,9014,3679
1841,4773
8737,17213
8737,1842,8110
@dps-end:
@rep:4
@time:6.85
@trys:1429986
@seed:124987441
@dps-begin:
8080,6257,8438,9014,4825,13388,2060,7823,3679
8737,3336,4636,13388
2148,13388,3679,16495,719
15201,8737,7882,3679
9014,18104,4636
1842,13592
8737,306,9014,4636
13920,9014,4825,3679
9014,4825,1418
219
14367
8737,2148,16254
8438,16807,4825
1842,12888
11760,8080,8771,4636
6657,2148,8438
9894,5804
8737,13471
8080,8771,8110
1842,10389,4825
@dps-end:
@rep:5
@time:6.15
@trys:1363025
@seed:123979721
@dps-begin:
1842,8438,9014,4775,4825,2060,3679,7823
8737,3336,4636,13388
13909,9014
9014,18104,4636
8737,15201,7882
1842,13592
13920,5105,4825
8737,306,1842
9014,4825,1418
8737,1842,16254,7823
219
14367
8438,16807,4825
4385,4775,4636
6657,4251,2060,3679
9014,12888
20645,4775,4636
4773,18502
8737,13471
1842,2060,8110
@dps-end:
@rep:6
@time:9.95
@trys:1964915
@seed:119777719
@dps-begin:
8080,19696,6257,8438,9014,4825,13388,2060,19901,7823
8737,9014,3336
1842,4775,16104,7882
8737,15201,9014
8737,13301,8438,4825
9014,18104,4825
1842,13592
13920,4825,8814
8737,1842,306
9014,4825,1418
8438,1751,4775,7882,8814,16254
219
14367
8438,16807,4825
9014,12888
4385,4775,2060
6657,8438,3256
4773,3694
8737,13471
7882,2060,8110
@dps-end:
@rep:7
@time:8.91
@trys:1786963
@seed:117705823
@dps-begin:
6257,9014,8438,4775,9897,4825,2060,3679,7823
8737,9014,3336,4636
9014,21512,4636,1775
6656,1842,2060,3679
15201,8737,9014,3679
9014,18104,4636
1842,13592
8737,306,1842,4636
13920,9014,3679,1775
8737,1842,1751,16254
9014,1418,1775
219
14367
8737,6657,9897,13388,3679
8438,16807,4825
8438,9897,16332,13388
9014,12888
20645,9897,4636
16113,1751,4825,13388
16384,4773
@dps-end:
@rep:8
@time:8.99
@trys:1809298
@seed:112131119
@dps-begin:
6257,1842,8438,9014,4825,2060,13388,7823,3679
8737,9014,3336,4636
2148,10229,9014,7943
8737,15201,9014,3679
9014,18104,4636
1842,13592
13920,9014,4825,3679
8737,9014,1418,7357
8737,306,17625,4636
8737,6257,2148,17625,4636,16254,3679
219
14367
8438,16807,4825
6657,7357,3679
1842,12888
1842,20645,4636
8080,4385,2060
8737,13471
2148,5593,8110
2148,4773,7943
@dps-end:
@rep:9
@time:10.22
@trys:1965008
@seed:108626351
@dps-begin:
19696,6257,8438,9014,4775,4825,9897,2060,7823
8737,3336,7882,4636
5105,1842,16869,4775,7882
8737,4636,16495
9014,4775,18104,4636
15201,8438,9014,9897
1842,13592
8737,306,9014,4636
8737,2148,4775,16254
13920,9014,4825
9014,4825,1418
219
14367
8438,16807,4825
6657,8737,9014,9897
1842,12888
1842,20645,4636
5105,4773
8737,17213
8112,8110
@dps-end:
@rep:10
@time:13.19
@trys:2388843
@seed:107980007
@dps-begin:
19696,6257,9014,8438,4775,4825,9897,2060,7823
8737,3336,7882,4636
1842,9014,7882,2844
10740,5897,2060
15201,8737,9897,7882
9014,18104,4636
1842,13592
306,21253,9014,4636
8737,1842,17625,5804,16254
13920,4825,5804
9014,4825,1418
219
14367
8438,16807,9897
9014,12888
1842,20645,4636
6657,9897,13388
3336,4825,17625,20155
4773,5179
9014,4825,8110
@dps-end:
