@rep:1
@time:0.2
@trys:104624
@seed:179424673
@dps-begin:
1985,1354
1985,2054,588
1985,1735,1934
1936,1985
2054,1404
1985,239
1985,1991
1985,1258
1985,1736,1354
562
1477,2054
1985,1951
1985,2054,969
1985,2054,842
1985,466,1735
1985,2054,1404,1934
1985,392
1985,1127,1735
1354
1735,1354,1934
@dps-end:
@rep:2
@time:0.2
@trys:102286
@seed:125164703
@dps-begin:
1985,2054
1354,588
1985,1735,1934
857,1354
1985,842
1985,239
1985,1258
1985,1735,1767
2054,1991
1985,2054,1736
562
1985,392
1985,1951
1477,2054
1985,1127,1735
1354
2054,1039
1985,1670
1985,1735,1432
1985,1073
@dps-end:
@rep:3
@time:0.17
@trys:88394
@seed:132011827
@dps-begin:
1985,2054
1354,588
1936,1985
857,1354
1985,1354,1934
1985,1090
1985,1564
1985,1991
1985,239
1985,1258
2054,1767,1354
1985,1736
562
1985,2001,1735
1985,857,588
1477,2054
1985,842,1354
1985,466,1735
1985,1951
1985,2054,969
@dps-end:
@rep:4
@time:0.19
@trys:102338
@seed:124987441
@dps-begin:
1985,1735
1936,1985
1985,2054,1767
1985,2054,1934
2054,1354,1404
1985,1564
1985,239
1985,1258
2054,1767,1354
2054,1354,588
562
1985,1951
2054,1991,1735
1985,1538
1354
1735,1354,1934
1985,106
1985,1670
2054,1039
1985,2054,1127
@dps-end:
@rep:5
@time:0.19
@trys:99931
@seed:123979721
@dps-begin:
1985,2054
1354,588
1985,1354,1934
2054,1991
1985,1258
1985,239
1985,842
1985,1638
562
1985,600
1985,392
1985,1951
1477,2054
1354
2054,1039
1985,1670
1985,106
1985,2127
1985,1646
1985,546
@dps-end:
@rep:6
@time:0.2
@trys:104584
@seed:119777719
@dps-begin:
1985,1735
2072,1354,1404
1936,1985
1985,2054,1934
2054,1404
1985,1258
1985,239
2054,1991
2054,1354,588
1985,1736
562
1985,1127,1735
1985,392
1477,2054
1985,1951
1985,2072,842
1985,1538
1354
1985,1404,1934
1985,1646
@dps-end:
@rep:7
@time:0.2
@trys:102362
@seed:117705823
@dps-begin:
1985,2054
1354,588
857,1354
1936,1985
1985,1354,1934
1985,1258
1985,239
2054,1991
1985,1736,1354
562
1985,392
1985,1951
1985,857,1934
1985,842,1354
1985,2054,364
1985,857,588
1985,1550
1477,2054
1354
1985,1670
@dps-end:
@rep:8
@time:0.2
@trys:104641
@seed:112131119
@dps-begin:
1985,1735
857,1354
1936,1985
1985,1090
2054,1354,1404
1985,1564
1985,2054,1767
1985,1258
1985,239
2054,1354,588
1985,1736,1354
2054,1767,1354
562
1985,1951
1477,2054
1985,392
1985,2054,842
1985,857,588
2054,1735,1991
1354
@dps-end:
@rep:9
@time:0.2
@trys:104636
@seed:108626351
@dps-begin:
1985,1735
857,1354
1985,2054,1934
1985,1564
1985,239
1985,1991
1985,1258
2054,1354,588
1985,842
562
1985,600
1985,857,588
1985,466,2054
1477,2054
1354
2054,1735,857
1985,1670
1985,1646
1354,588,1934
2054,1039
@dps-end:
@rep:10
@time:0.17
@trys:88421
@seed:107980007
@dps-begin:
1985,2054
1354,588
1936,1985
857,1354
1985,1354,1934
1985,1991
1985,239
1985,1258
1936,1985,1354
1985,1638
562
1985,2054,969
1985,2054,842
1985,392
1985,857,1934
1985,857,588
1985,1550
1985,600
1354
1985,1670
@dps-end:
