@rep:1
@time:1.68
@trys:517684
@seed:179424673
@dps-begin:
5608,2137,4602,6364,3757,3710,1454
6242,5608,6074,4602,6286,3710
4278,3031,2137,4602,6364
3543,3752,4602,1454
529,4602,2092,3757,6286,3710,4959
2640,39,6968,2137,4602
4602,4875,3757,6286
2998,4602,6364,2623
2112,1153,3543,1112,4602
3027,4291,3757,6286
5564,4860,3710,2671
2673,4602,1579,1454
1366,3752,6364,3757
2998,4602,892,1454
2112,2998,3833,2476,2092,3407
529,4602,1579,2092,3757
1366,3031,4875,6364,1454
2112,3232,4611,2998,3752,3833,4875,2476,1454
2998,3543,2137,6074,892,6364,1454,2623
3232,6672,4602,6364,3710
@dps-end:
@rep:2
@time:1.591
@trys:488738
@seed:125164703
@dps-begin:
6672,448,116,5608,2137,6364,3710
6672,2673,4631,4602,6364
2112,3543,6760,4716,1454
2112,1013,6364,3757,6286
4611,6692,4278,3031,39,4602
2673,5543,2137,4602
448,5608,3435,3710
4278,39,3752,4602
1186,3752,4602,6364
2998,2137,4602,1579
2673,1153,2998,1401
6672,1013,1366,3752,1401,4716,6364,1454
4421,2998,1401,2137,1454
1013,359,4631,1112,3833,4602,539,6364,2623
3031,695,3543,3752,6364,3757,1454,6286
1872,1153,4611,4602,6364
1872,1579,6364,3757,6286
2673,695,3543,3752,4602,2623
6692,4278,359,3031,6364
2370,123,539,2623
@dps-end:
@rep:3
@time:1.68
@trys:510469
@seed:132011827
@dps-begin:
6452,116,5608,1401,4602,6364,3710
3752,2137,1401,4602,6364
1013,2998,3543,4602
1300,1401,4602,6286
2112,4919,3833,4602,1579
6692,6452,1401,4875,2092
3031,4602,4698,2092
6452,39,1401,4602
6452,39,4602,4875,3757
6452,3543,4631,3752,2137,4602,6286
2998,1401,6074,539,3407
1153,6692,4602,6364,6286
2112,4611,4875,892
3752,7017,1401,2137,539,2092,2623
1153,2998,3031,1401,6074,4698,6364
2112,4611,6452,1401,4698,539,6286
1186,4611,6452,1013
4602,4698,2092,892,6286
1153,3543,1401,4602,4698,539
2998,3752,539,6364,892,2623
@dps-end:
@rep:4
@time:1.59
@trys:495814
@seed:124987441
@dps-begin:
5608,4602,6364,3757,3710,1454,3951
3543,1401,4602,2476
2673,4602,6364,6286
359,3543,4602,6364
2998,4602,4875,892
3031,695,4602,6364,1454
2112,467,2476,1454,2623
2640,1186,1720,4602
2593,3543,359,4602
3752,1579,1454,2623
5845,2998,1401,4875,6364,6286
4602,620,3951,2623
2673,2998,4875,6364,1454
920,4602,4860,4574,1103
3328,4976,6364,2671
1907,5608,4602,3710,2623
2370,359,4602,1579
2370,695,620,6286
5608,2137,1454,2623
4602,6364,1454
@dps-end:
@rep:5
@time:1.63
@trys:503172
@seed:123979721
@dps-begin:
2336,6452,2998,1401,4602,2092,6364,3757
2112,4291,6364,2671
2336,6452,1401,1579,6364,1454
4611,1013,2137,6364,3438
2710,3543,3752,6364
6452,3752,4602,2092,3757
1153,3543,1112,2476
1401,4602,2092,892
6692,4698,4602,2092,3757
5874,3752,539,2623
2673,5923,3752,4602,2092,3757
2336,2112,5874,6692,1013,3752,4602,6811,539
5874,6066,1366,2476,3757
4602,6364,1103,2623
6452,3752,6364,892,3757,670
2112,4919,3710,2671
4726,5608,3710,2623
5543,4602,1454
1013,3752,4698,539,2476,670
6692,1401,539,6364,2623
@dps-end:
@rep:6
@time:2.22
@trys:667709
@seed:119777719
@dps-begin:
6452,116,3752,5608,6364,3710,5999
3031,2137,4602,6364
3543,1401,4602,6286
2112,1153,6692,6364
5543,2137,1401,6074
2112,3543,2137,2476
4602,1579,3757,5999
3752,4698,2476,6286,5999
6452,5608,3710
2112,6452,4602,4875
4698,2476,6364,3757,1454
4996,4875,892,2476
2640,3441,4602,6286
1112,6364,6286,2623
4611,359,2137,1579
4611,6692,4278,4602,2623
4611,3752,4698,539,2476,2623
4611,4421,6364,6286
3752,2137,4875,1579,3757,1454
3752,2137,892,3757,5999
@dps-end:
@rep:7
@time:1.58
@trys:503445
@seed:117705823
@dps-begin:
5608,2137,4602,6364,3757,3710,1454
3543,4602,3757,1454,6286
6692,6376,4602,6364,3757
2640,4602,6333,6286
1366,4602,6364,2476
2998,4602,6364,892,3951
2112,529,1153,658,4602
3031,4602,1579,1454
512,2998,4602,1454
212,6105,4602,6364
2336,5608,3304,4602,6364
2998,6364,3757,6286
6068,5543,5608,4602,1454
2998,4602,539,5564
4726,3031,4602,1454
4611,3543,6364,2476
4611,6692,2998,4602,539,3757
2336,2137,1579,6364
1689,7082,4602,3757,461
2112,1777,2290,3710
@dps-end:
@rep:8
@time:2.0
@trys:595749
@seed:112131119
@dps-begin:
544,6452,116,2998,4602,6364,2092
4919,3543,4602,2092,3757
6672,5608,4602,3757,6286,2623
1332,4599,1401,1579,3551
5845,4278,920,4602
2673,4726,4602,1406
3543,4602,2476
6452,3752,1401,6364,2092
6672,5543,5608,1454
2112,4611,1366,4602,2476
1153,3752,4602,5295
6452,1332,3031,359,6364,2476
3752,4602,6364,892
808,5608,4602,3710
5845,3752,6364,1454,2623
2112,6672,4599,4631,4698
1186,6452,359,4762,4602,667,3757
6672,4611,6452,359,1112,2476,1454,2623
2112,5845,1366,6364,3757
4278,3543,3752,3757
@dps-end:
@rep:9
@time:1.69
@trys:524210
@seed:108626351
@dps-begin:
116,6452,5608,4602,6364,1454,3710
2112,2998,3543,4602,2476
2112,5874,4611,6692,6968,2092
2998,4602,1454,6286
2112,4291,6503,2671
359,1112,1401,4602,1454,2623
6672,1153,4726,4602,1454
6452,2998,1401,1579,2092
6452,4602,6364,2623
5543,2137,4602,4875,892
4611,1366,3031,4875,2092,1454
6066,920,4602,4860,860
529,6452,5845,4602,6364,892
3543,6968,4602,1454
3031,2137,6364,6286,2623
1366,4875,2476,6286
2112,116,4726,1401
5874,5845,3031,4602
5874,2998,2137,4875,2092
4611,6692,565,5845,5543
@dps-end:
@rep:10
@time:1.79
@trys:560345
@seed:107980007
@dps-begin:
2673,6452,3752,4602,6074,4698,6364,1454
4602,6286,1454,2623
2640,6968,6074,4602,6364
2673,4602,4698,6364
2112,1153,6692,1013,6074,6364,6333
6752,4291,485,1366,4602
3543,4602,2476,4317
1153,529,6074,4602
2112,1112,4602,6364,6286
6452,3543,4602,123
2112,6452,6692,4602,4042
529,6452,5845,3752,4602,1579,1454
2112,4698,4602,892,6286
5845,5564,6364,3710,2671
359,1579,2476,3407
2673,3543,6074,123,6286,5999
3752,4602,892,2623
529,6452,1112,4042,2092,5999
2112,1454,5999,3407,2623
3543,3752,2092,6364,2623
@dps-end:
