@rep:1
@time:1.861
@trys:446446
@seed:179424673
@dps-begin:
4214,6102,2247,4360,4137,3660,4829
6102,4214,4360,2184,4137
6102,4214,4137,1417,218,3660
2021,4214,4360,4137,4829
4214,2073,4137,218,3660,4829,6255
6102,4137,218,3660,4829
4214,6102,4137,3660,4829,6255
1185,2021,6102,4214,2184,4137,4829,2287
4214,6039,2247,4120,4137,1306,218,572,3660
1523,6102,4360,218,3660,4829
1185,6102,2184,5721,1417,218,1738,4829
1777,6102,4214,4360,2184,1306,3660
4214,1462,6102,2247,4360,4441
6102,6262,87,2184,4360,4137,2506,3754,3660,365,4829
1875,6102,2247,4120,4441,218,3660
1777,4214,6102,2247,2184,218,1306,267
2021,6102,4663,2247,4441,5721,5370,3258,3660,4829,2287
2193,6102,2247,2184,1417,4137,218,1306,572
1777,1523,2021,2247,6039,2184,5402,4829,478,2287,6255
6102,1462,2247,2184,4360,1738,267,3660,4829,2287
@dps-end:
@rep:2
@time:2.0
@trys:473764
@seed:125164703
@dps-begin:
4214,2247,4360,1289,4137,3660,4829
2562,4214,6102,4360,4137,4829
1876,6102,218,3660,4829,6255
4214,4360,4137,5370,1162,3660,4829,478
34,6102,4214,1081,4137,3660,4829
6102,2247,4360,5721,4137,1084,3660,4142
2804,4214,2247,4120,4137,1289,1162,1386,3821
2193,657,6102,4137,218,1084,3660,4829
1844,4214,2247,4120,4137,1946,5468,3660,4829,3821
3762,2804,2247,4441,5721,218,3660,1340,3821,909,6031
4360,1162,3660,4207,6255,1972,1844,2804,4214,6102,4441,5370,5468
1777,3762,2804,2247,4441,1289,4137,1081,218,5468
1844,4214,2247,4360,2184,1608,1946,1084,3660
34,5779,6102,4360,2184,4120,5721,4137,1289,812,3821
2210,2247,4360,4137,1386,812,1039,2193,6102,4441,5721,1340,5983
1777,3361,6102,2247,1289,5721,4137,1306,4142,4207,6031,5983
4214,2247,1289,4441,218,6255
3472,2247,2184,4360,1289,4441,5721,4137,218,2202,3821
4214,2247,2184,1289,218,2202,3660,4829
2562,2247,2184,1608,4360,4137,1386,812,1777,3762,5370,1340,4829
@dps-end:
@rep:3
@time:1.61
@trys:396222
@seed:132011827
@dps-begin:
4214,2247,4441,218,6939,4188,4829,5807
1185,2210,6435,2021,2247,4137,1738,4214,4441,218,1084,4188,478,5983
4214,6102,2184,4360,4137
4214,6102,4360,2184,4441
2021,4214,2184,4441,218,1084
6102,4360,2184,4441,218,5807
2021,4214,4441,6939,1084,6255
4214,6102,4441,1738,218,6255
4214,4360,2184,1417,1306,5807
4484,4214,2184,4360,4441,218,5807
6102,2184,4360,4441,218,5807,6255
160,1185,2021,4214,2184,4441,6939,1084,2287
2021,4214,6102,4360,3128,218,4829,5807
4214,2247,4360,218,6939,2541,4829
4214,2247,4360,1306,1084,1020,2541,5807
1185,369,1876,4214,6102,2247,2184,4137,1306
2021,4214,2247,4360,218,4829,6031
6435,1558,4214,2247,4137,218,572,4829,6031,6255
1558,2247,4441,4137,5721,218,1020,1084,909,5807,6255
160,2193,6435,1876,2021,4214,2247,4360,4137,6939
@dps-end:
@rep:4
@time:1.56
@trys:382007
@seed:124987441
@dps-begin:
4214,2247,760,4360,2184,1289,4441,1084
6102,4214,2247,4120,2184,4441,218,1020
581,2021,6102,1462,4214,2247,4360,2184,2202,218
3040,1185,2021,6102,4214,2247,4360,4441,1084,478,6255
6102,4214,2184,4360,4441
2021,4214,2184,4441,218,6255
6102,4360,4441,218,3660
1958,6102,2247,4360,2184,4441,218,478
1217,1777,2021,6102,4360,2184,4441,6874
4214,6102,1289,4441,218,6255
1185,2021,4214,6102,2184,4137,6255
2021,6102,4214,2184,4137,218,1853
2021,6102,4214,2184,1289,218,2587,4619,1020,1084,6255
1185,2021,6102,4360,2184,4137,4441,5721,1037
1632,4226,2210,2247,2279,2184,3660,909,6255,5685,4214,4441,478
3040,1185,4214,2247,4360,4441,1289,5983
1632,5685,4214,2247,2184,4360,4137,218,909,478,6031
1217,4226,2247,1289,4441,218,4619,3660,909
1777,581,1958,4214,2247,4360,312,4137,1289,1084,1037
2210,4214,2247,760,4120,5721,1289,6874,218,3660,909,1037
@dps-end:
@rep:5
@time:1.43
@trys:368506
@seed:123979721
@dps-begin:
4214,2247,4360,4441,3660,4829,5807
2021,4214,2184,1081,4441,218,4829
4214,2247,2184,4137,218,3660,1084,6255
4214,4360,4441,4137,4829,5807
1152,2036,2021,2247,4360,4137,3660,4829
4214,4360,3660,4829,4318,5807
4214,2184,4137,218,3131,1084,5807
4214,2247,4360,4137,1084,4829,6255
4214,4360,4441,3660,1020,6255,5807
4214,2247,2184,4137,1084,3660,4829
4262,4214,2247,4360,4441,3660,1084,5468
213,2021,4214,2184,4137,218,1084,4877,2287,5807
1777,2210,4484,2247,3660,4829,158,5807,6255
4214,2184,4441,4137,1081,1084,5807
4214,2247,4663,4137,1084,4188,3660,5807,6255
4214,2247,4360,3660,1084,4829,4142
2021,4214,2247,2184,4360,4441,3660,4142,6255
4486,2184,4137,4441,218,6602,6255,5807
2021,4214,2247,4360,4137,6602,218,1084,6255,5807
2210,4484,2021,2247,2184,3660,5807,4207,1876,4214,1081,218,4223
@dps-end:
@rep:6
@time:1.4
@trys:360788
@seed:119777719
@dps-begin:
4214,6102,2247,4360,2184,4441,5807
4214,3303,2247,4360,2184,4137,1084,4829
4214,2247,4360,4441,5721,218,1084,5807
6102,4214,4360,4137,4829
1217,6102,3303,2247,2184,4137,5721,218
6102,4360,2184,4441,5721,1084,1020,5807
4214,6102,4360,2184,5807
4214,2184,4137,1084,5807,6255
4214,4120,5721,4441,4829,6255,5807
4214,6102,4360,2184,5807
6102,4214,2184,4441,218,5807
3602,4214,2184,4441,218,4829,5807
2184,4137,5721,4441,218,6255,5807
4498,2210,2184,393,4137,218,4829,5807
4214,6102,5782,4360,4137,4441,5721,1386,1084,572,5807
3076,4214,6102,2247,1608,5721,218,1084,4829,5807,6255
1777,5669,4214,2184,4360,4137,1020,4829,6255
4214,6102,2247,2184,4441,1084,6047,6255
2193,4214,6102,2247,4295,2184,5721,4441,4137,4829,2398,5807
688,3890,4214,2247,2184,4137,218,4188,5807
@dps-end:
@rep:7
@time:1.4
@trys:375346
@seed:117705823
@dps-begin:
2003,4214,6102,4360,4137,3660,4829
2003,4214,6102,4360,3660,4076,4829,6255
1777,2003,4484,6102,4214,4360,4137,3660
6102,4214,2184,4360,4137
2003,6102,4214,2184,4137,1084,6255
6102,4214,4360,4137,1306,3660
4214,4360,1289,1306,1084,1020
2003,4214,4360,4137,4188,4829
6102,4214,4360,4441,3660,6255
6102,4214,4137,3660,4829,6255
1777,4214,4360,4137,3660,4829
4214,2184,4441,1289,218,6255
2003,4214,4360,4137,5370,1306,1020,3660,4076
6102,4360,4441,4137,1162,3660,4829
1876,6102,3382,2184,1289,4137,218,4829,6255
2193,2003,4484,6102,1462,4214,4441,4137,1306,3660,6255
2003,4214,6102,503,4360,4137,1289,5289,5370,1084,2541,1229
2210,2003,4484,4214,1289,4137,218,6939
2003,3988,4484,6102,4214,1462,3415,4360,1306,6939,6255
2021,6102,4214,2247,2184,1289,2587,1084,6255
@dps-end:
@rep:8
@time:1.18
@trys:310099
@seed:112131119
@dps-begin:
2003,4214,2184,4360,1289,4137,4829
2003,2021,4214,4360,5721,4137,4829
2003,4214,4360,1289,572,1084,3660,6255
2003,4214,1289,4137,4829,6255
4214,4360,4137,3660,4829
6102,4214,2184,4360,4137,6255
4214,4360,1289,4137,4829
4214,4360,1289,4441,1084
6102,4214,4360,4120,1738,4829
4214,4360,4441,5721,1289,1084
1777,2193,2003,4360,5721,1289,4829,5983
2210,6102,4137,1738,218,4829,6255
3972,6102,4214,4360,4441,3660,6255
2021,6102,4441,4137,218,3660,4829
1777,2210,6102,4360,1289,4137,1386,4829
1289,5721,218,6939,4829,6255
2003,4214,4360,4137,5001,1289,6255
1777,2210,2003,4214,4360,2184,4619,6220,4829,1135
544,4214,1289,4441,1386,1084,6255
1777,2210,2003,4677,6102,4360,4137,4441,6282,5547,4829,6255
@dps-end:
@rep:9
@time:1.58
@trys:389660
@seed:108626351
@dps-begin:
6102,4214,2247,4360,2184,4441,218,3660
6102,4137,218,3660,4829,6255
4214,6102,2247,2184,4441,218,427,1084
5685,4214,6102,2119,2247,2184,4137,4409,3660,3821,6255
6102,4214,2184,4360,4441
4214,6102,2247,4360,4441,218
1152,1876,5669,6102,4360,2184,4137,4441,5721
5685,4214,6102,4137,218,3660,909
1536,2017,2210,6102,4214,5590,4360,4441,1322,3660
6102,4214,2184,4137,5721,1306,3660,572
5685,4214,6102,2184,4137,5370,2587,3660,6255
6102,4214,2247,2184,4360,218,4142
6102,2119,2247,4360,2184,4441,3821
4214,2247,2184,4137,4441,5721,1084,6255
2193,4581,4214,6102,2247,2184,4441,1084,1999,6255
1174,2247,4360,4441,1306,2202,3660,1084,3821,6255
6243,291,4214,6102,218,3660,4829,6255
1892,4214,2247,2184,4137,218,1084,3660,4142
1536,4566,4214,4360,4441,218,427,3660,4829
6243,5685,5959,2247,5721,218,2587,3660,1084,572,4829,4142
@dps-end:
@rep:10
@time:1.8
@trys:439463
@seed:107980007
@dps-begin:
4214,6102,2247,4360,4137,3660,4829
1876,6102,2247,4360,4137,218,1738,6410,4188,4829,4318
4214,6102,2247,2184,1738,4602,218,1515,4829
4214,6102,4360,2184,4137
6102,4214,2184,4360,4441
6102,4137,218,3660,4829
4214,6102,4360,218,3660,4829
4214,4360,4137,3660,4829,6255
6102,4214,4137,3660,4829,6255
6102,2247,4360,1306,218,3660
1185,2210,6102,5721,4441,218,3660
3425,4214,6102,2247,2184,4137,1306
4214,2247,4360,218,1306,1738,1084
3425,2210,2021,6102,4360,4441,5721,218,4829
2210,6102,4214,2247,4441,218,4188
6102,4214,2247,4360,4441,1738,4318
2021,4214,2247,4360,2184,4441,5370,3662
4833,1876,2021,2247,5721,4137,4441,1306,3660,4829,6255
3425,2210,4214,6102,2247,5721,1738,1084,4829
1152,1185,2021,6102,2247,2184,5721,4441,1306,4318,6255
@dps-end:
