@rep:1
@time:1.2
@trys:552202
@seed:179424673
@dps-begin:
4785,150,1499,6764
1116,6718,6879
2114,150,6207
5961,1499
312,1499
629,1499,5885
2439,6200,3705,2923
3157,3211,1116
6953,1499,1964,6207
5239,2137,6207
2233,5530,2923,1964
1875,5812,629,1499,6207
2224,6329
5961,7117
5254,2635,1499
6088,6953,332,5294
2305,276,5239
4994,1418,1499
6726,4247,5239
6768,2806,1499,6764,6718,3103
@dps-end:
@rep:2
@time:1.1
@trys:530389
@seed:125164703
@dps-begin:
4785,150,2838,1499
896,262,2838
5961,1499
2224,4314,1499
7064,3099,6718
2224,822,2923
5961,4345
1499,5885,3069
6227,2838,155,2910
2137,6953,1499
896,2838
2305,4874,940
2114,2233
629,822,2635
6953,1499,5135
6726,4247
2224,1361,1499
759,5530,6236
896,2137,3530,1499
5396,855,7050,1499
@dps-end:
@rep:3
@time:1.31
@trys:616296
@seed:132011827
@dps-begin:
4785,150,4938,1499,6764
6416,2114,2204
5961,1308
5530,1499,3099
6200,1499,2923,6718
2838,2635
5243,1499
242,6806,2838
2114,1499,6811
1075,1499,5885
6200,3099,1499,1308
6806,1499,1116
7024,2838,1499
5573,855,6879
2224,4645,1499
2137,1116,6879
1116,4303,6207
1056,6200,2923
5424,2838
7024,2838
@dps-end:
@rep:4
@time:1.03
@trys:494523
@seed:124987441
@dps-begin:
4785,150,1499,6764
3736,4345,2923,1499
4208,2838
150,1499,6236
1499,4143
5961,6207
2838,3622,2137
822,4999,1499,1775
155,3103
2114,2635,1499
822,2137
5812,4925,6207
2838,2968,1116
2305,6088,5631
4340,1499,1116
2838,503,1116
822,2838,1079
145,3103
4469,2635
4562,5885
@dps-end:
@rep:5
@time:1.1
@trys:530194
@seed:123979721
@dps-begin:
4785,2838,150,1499
1499,5599
312,1499
2224,3211,1116,6879
6533,1499,3211,5885
2838,1911,6953
896,7064,6718
1499,6236,4911
2114,2838,4055
1361,1538,2838
6768,2838,5530,2204
1499,3262
896,4785,4211
2838,4055
6088,7020,1308
896,159
2114,5221,1499,3262,6718
5109,6718
1361,1423
2114,6643,822
@dps-end:
@rep:6
@time:1.61
@trys:744165
@seed:119777719
@dps-begin:
3240,3130,4938,1499,2335
822,1499,5599
1499,2635,1629
993,4247,3211,1499,1116
1499,2974,4143
4645,5961
6726,1499,6811
155,3103
1499,491,4143
2838,2137,6953,1499
3157,759,5550
7064,1499,1759
276,1981
1361,1499,6718,6975
4790,4345
4247,1499
1969,5885
6768,5653
5396,2543,2223
629,6588,189
@dps-end:
@rep:7
@time:1.25
@trys:573198
@seed:117705823
@dps-begin:
4785,150,4938,1499,6764
1056,1116,4911
5961,1499
312,1499
6768,2204
4562,1499,5885
6533,2838,6200,7064
2114,2635,1499
1361,1670,4790,5337,1499
155,4911
2417,2838,6638
822,4999,1499
1670,4999,1499
6726,1499,6718,2543
2434,6533,5135
690,3099,1499,2543
485,6726,6811,1499
2417,2838,7064,2204,6764,6718
822,7064,3211
181,4247,1499
@dps-end:
@rep:8
@time:1.4
@trys:651819
@seed:112131119
@dps-begin:
4785,150,1499,6764
7064,2393,2137,1499
1499,5599
6245,312,1499
2224,822,4376,1499
5031,2923,1499,5885,2335
145,1499,4942
1361,1499,1822
1670,6471,6329,3130
6329,2393,2635,1499
5254,4345,1499,1116,5294,2462
5218,3622,2838,3130
2224,6471,5294
2838,6588,1116
2838,759,6200,4911
6245,7064,312
2640,4773,2838
155,6379
4994,1670,4942
6768,2393
@dps-end:
@rep:9
@time:1.23
@trys:551896
@seed:108626351
@dps-begin:
4785,150,4938,1499,6764
1499,6575,2335
5961,1499
629,1499,5885
1499,2045
276,3099,2923
276,2923,5631
4676,6200,1499,6764,6718
2137,6953,1499
6329,2635,5199
4676,2838,6200,3130,1499
6768,5631
4773,2838
2838,150,4604
629,3099,4911,2335,5199
1361,2114,759
1732,1367,2439,1499,2923,1516
896,4148,759,6718
629,2439,7117,2335,5631
4133,1116,5199
@dps-end:
@rep:10
@time:1.31
@trys:580131
@seed:107980007
@dps-begin:
4785,150,4938,1499,6764
6533,1499,1067,5885
2923,1499,4143
690,5812,1499
276,7064,3211,1067
4994,822,7064,1499,7117,4911
6657,5573,1499
3622,6806,7064
3786,1499,5838
5961,7117
6379,1116
564,276,629
4452,3786,1499,5838
6197,936,7064,1499,2204
1361,1832,4345,1499
896,2114,855,1499
896,1856,7064,6764
629,6726,3116
690,6678,1499
227,6879,4911
@dps-end:
