@rep:1
@time:0.17
@trys:85835
@seed:179424673
@dps-begin:
1985,1354
1850,1551
839,1593
2041,571
1195,764
1122,1380,1271
867,719
770,723,412
1848,571
1446,1128,1945
1904,1345,759
@dps-end:
@rep:2
@time:0.16
@trys:78988
@seed:125164703
@dps-begin:
1985,2054
212,344
1296,2302
3,1613
1803,413
3,2302
1146,571,2303
1079,571
961,819,2003
1790,799
1864,1819,1979,574
401,2171,1743
@dps-end:
@rep:3
@time:0.16
@trys:74373
@seed:132011827
@dps-begin:
1985,2054
355,1070
1708,510
653,93
1589,839
1712,1658
693,1774
1803,1743
1798,953,1289,157
256,1386
693,510
@dps-end:
@rep:4
@time:0.19
@trys:99744
@seed:124987441
@dps-begin:
1985,1735
857,1551
867,41
804,921
1139,444
644,222
745,1901
460,2031
1516,750,1823
1072,1010
518,1465,923
@dps-end:
@rep:5
@time:0.17
@trys:85924
@seed:123979721
@dps-begin:
1985,2054
1252,1407
2097,1803
229,2005
753,2207
1394,918
465,792
1142,462,927
803,1994
290,1801,286
897,593,1142,2043
1096,1930,794
912,465,2006
@dps-end:
@rep:6
@time:0.17
@trys:81206
@seed:119777719
@dps-begin:
1985,1735
1267,1076
3,787
1922,1613
471,860
245,1142
787,471
887,877,719
1345,184,877,2271
1808,1110,1534
471,872,2059
@dps-end:
@rep:7
@time:0.16
@trys:76583
@seed:117705823
@dps-begin:
1985,2054
1785,889
1914,571
475,683
1948,846
1997,415
1704,2045
2193,1321,476
352,1770,458
626,1062,698,479
2245,1894,440,634
@dps-end:
@rep:8
@time:0.18
@trys:90565
@seed:112131119
@dps-begin:
1985,1735
1803,2204
245,709
386,1156
1841,2052
872,1086
1457,677
2033,872
673,535,2090
977,1759
2033,677
2262,631,1947
@dps-end:
@rep:9
@time:0.18
@trys:90407
@seed:108626351
@dps-begin:
1985,1735
122,2014
491,1086
673,1785
1803,1148
2054,1565
998,216,1213
819,455
@dps-end:
@rep:10
@time:0.19
@trys:99776
@seed:107980007
@dps-begin:
1985,2054
384,196
592,460
1987,648
610,1598
867,1804
1434,1598
1941,1945,698
1058,1111
947,1551
867,648
1250,2259,872
1520,113
@dps-end:
