@rep:1
@time:1.46
@trys:459943
@seed:179424673
@dps-begin:
5608,2137,4602,6364,3757,3710,1454
5874,2412,2092,1103
5874,2412,1103
5543,892,3710,526
1824,2896,3027,2052
2052,4602,539
2823,233,3710,62
2112,3543,1149
5268,1103
7017,5578
5316,2052,4998
2673,920,3515,3627
1112,5580,1149,5246,1103
512,3027,3723
1579,6683
512,372,3710,4959
1429,2823,4602,5418
5905,3767,6074,892
4291,4083,3833,7070
3088,5874,3757
@dps-end:
@rep:2
@time:1.33
@trys:424032
@seed:125164703
@dps-begin:
6672,448,116,5608,2137,6364,3710
2881,4278,3752,4602,4556
6610,4644,39,1055
1872,1777,6692,1433,4602
448,4953,5564
2290,116,4919,3723
4611,7050,1579,3407
1689,1198,1103
5543,3031,892
212,123,2476
3232,123,1149
5987,4291,2830
5478,2137,3675,3710
1112,3723,2671
1112,2092,6127
1314,1579,3627
6286,2623
1777,1925,2726,3438
1579,2830
5316,3757,1454
@dps-end:
@rep:3
@time:1.51
@trys:473799
@seed:132011827
@dps-begin:
6452,116,5608,1401,4602,6364,3710
3504,2336,601,1579
3232,6364,1103
1401,1103
372,1112,6265
1153,4146,1013,1401,892
892,1103,2623
3908,601,1401
5113,620,5564
6292,5527,4602,6127
5316,4516,6364,3710
695,3031,7050
5185,789,2698,6286,6606
5571,3181,6286
4208,4516,6292,6364,6286,2623
2896,1149,5678
1872,4146,5543
17,1777,6286,5310
7017,892
2370,6805,5449,634,1502
@dps-end:
@rep:4
@time:0.99
@trys:324356
@seed:124987441
@dps-begin:
5608,4602,6364,3757,3710,1454,3951
372,1112
2036,892,5564
467,359,4602
5268,5608,4602,1103
5608,1900,1454
6752,1366,892,5564
2896,2370,5571,5157
2640,6292,39,670
4546,4583,3710,1454
3027,1653,406,2623
3152,1777,5243,2671
2640,6929,2280,1401,5564
4644,1429,892
5268,5564
2930,467,4602,4188
3428,359,6831
892,3149
2996,488,620
512,6610,3543,5608,5564
@dps-end:
@rep:5
@time:1.31
@trys:424147
@seed:123979721
@dps-begin:
6452,5608,4602,6364,3757,1454,3710
2112,4611,1366
2640,3710
6755,3543,1112,3752,1401
6692,359,3146,4762
1653,5543,3031,2623
2112,1153,1907
1433,1997,5838
1153,5219,5608,3627,6364
1314,892
4516,1366,3031,1164
4611,3560,4585,1103,2623
6869,5661
372,2998,359,5578
1429,3543,5418
5316,3543
3560,2733,3181
4005,5543,4953
6129,6066,2627,4116,3853,1454,2623
1777,1907,1480
@dps-end:
@rep:6
@time:2.01
@trys:609552
@seed:119777719
@dps-begin:
6452,116,3752,5608,6364,3710,5999
6066,2476,2414,2671
529,5268,6074,1454
4602,1579,6286
2019,1689,6364,2671
5543,5113,1579,5454,3438
3504,5543,892
1579,1149,318
1153,4611,3300,5462
4291,7050,2555
1299,6286,6527
2640,892,5678
3833,425,2187
5316,774,2623
6292,4406,1671
6869,5661
1777,5428,3543
2033,2547,7124,1689,5037,3757
3152,3146
4516,5167
@dps-end:
@rep:7
@time:1.36
@trys:445737
@seed:117705823
@dps-begin:
5608,2137,4602,6364,3757,3710,1454
2640,4278,39,5564
7050,4602,1454,6190
372,1112,3710
4726,601,4602,4348
512,4602,6620,5583
4738,3752,3710
2673,2737,692,1689,860,6286
3953,5874,6456,5564,1103
2112,3725,1869,1103
785,1686,5678,3710,4959
7017,892,4317
1314,5543,6286
3126,892,6590
53,1686,4477,3757,3710
4772,6265,3853
3953,4738,4602
4516,2533,5608,4602
2112,2187
512,3723
@dps-end:
@rep:8
@time:1.12
@trys:367274
@seed:112131119
@dps-begin:
116,6695,5608,3752,1401,6364,3710
4291,359,7050
3152,1153,2881,3812,1112,2476
6129,4602,892,670
419,3031,4490,7050
5268,6286,591
1686,3031,283,3710
1777,1186,359
5488,3027,5845,1366,670
1248,1366,5866,5023
969,892,5564
4602,1579,301,1454
544,601,123,892
892,670,5310
2370,5543
1153,4516,7082,3725
1366,6376,1433,1630
512,5905,5571,3027,4628,3901
6289,3627,670
3088,4602
@dps-end:
@rep:9
@time:1.17
@trys:381046
@seed:108626351
@dps-begin:
116,6452,5608,4602,6364,1454,3710
695,1579,6286
372,1112
6292,5543
1153,6292,3102
4278,4602,6190
4611,485,6760,1103
1153,3304,892
2673,5316
6400,6886,5498,3710,3102,5838
2233,7050
3031,892,318
2112,5845,3543,6265
1777,146,1689,1579
3524,3833,6286
2112,6692,5268
4726,3031,95
512,3723,172
4611,4356,1013,1493,134,1869,1055
2640,2370,1653,5564
@dps-end:
@rep:10
@time:1.37
@trys:445303
@seed:107980007
@dps-begin:
6452,1300,5608,4602,6364,3710,1454
1153,1366,1112,5310
2112,3543,892,6286
2640,5543,1114,4602,6364
1689,1579,2476
372,4602,6286
5268,4602,6074,6364,2830
1429,1164,3710
5703,5543,6286
4919,7017,4252
1777,5316
3098,3710
920,6429,3710
5543,3725
1164,3149,2142
1585,1630,1103,2623
359,3723,6286
1777,422,3438,2671
6228,1876,6286,2142
4450,4919,7050
@dps-end:
