@rep:1
@time:2.81
@trys:682563
@seed:179424673
@dps-begin:
2577,261,6439,3804,6638,3919
960,3538,9623,7528,7306
8828,7470
6504,1801
8552,8410,972,5086
5394,7749,7002
10279,7259,3919
7052,11197
12092,4285
8954,3804,9007
12240,6423,11160
4933,10150
9075,6504,6319
4320,7995,8364
5731,280
5968,8364
7065,4699,7259
7528,7995,10989
677,5669,6618
10907
@dps-end:
@rep:2
@time:3.72
@trys:896800
@seed:125164703
@dps-begin:
10706,261,8552,5453,6638,3919,6239
5394,10644
7729,7830,7495,6973,9375
8954,3804,4526
9328,6504
11044,11160,4093
11587,10150,455,8679
3270,8954
1610,10859,6319
4205,6559
10240,8607
3123,6038,6758
8103,8919
4285,5534
4753,908,11197
677,9375
1029,9007
9202,966,7149
5877,4526
8949,908,5534
@dps-end:
@rep:3
@time:3.59
@trys:909232
@seed:132011827
@dps-begin:
261,6439,8552,3804,6638,3919
7109,5949
3281,6440,8364,908
11376,10501,8919,6638
9202,11160
2577,11446,8552
10150,11033,4205
6504,7995
8915
6319,7583
8930,10501
10357,5849
7249,8165,5546,8364
3905,6291
8552,6504,7149
7185,261,908
3905,7236,4526
6741,4775,1319,8568
8165,8155,8447
6421,2878
@dps-end:
@rep:4
@time:2.8
@trys:733052
@seed:124987441
@dps-begin:
6439,8828,5453,6638
5949,6287
9073,1187,6504
8259,10501,8919
5394,4775
8568,7595,8927
8954,4526,6638
5394,971
6003,6291,7830,8828,4077
6993,10501
3270,7259,8254,9103
10424,12442
1171,5731,12253
6423,7208,3804
10907,6973
7603,7528,3804
5745,12359,8954
6440,3804,7149,10749
10948,8568,7229
5013,10279,8475
@dps-end:
@rep:5
@time:3.33
@trys:871648
@seed:123979721
@dps-begin:
6439,8828,5453,6638
7168,8568,7598
6758,8332
8242,11442,7259
5394,12132,5210
8919,7641,7259
8949
5394,7260
6504,9673,3260
9397,7830,3272
10819,7830,8954
10279,8364,6638
6659,12132,951,7149
8919,8364
7109,677
6758,8954,859
244,6315,8828
10357,4792
10967,10907
9173,10279
@dps-end:
@rep:6
@time:4.37
@trys:1023166
@seed:119777719
@dps-begin:
2577,10706,12390,6439,5453,6638,3919
6754,8919
1171,8006,6504,621
10240,8828
7830,8808,11197,6637
11828,6319
5394,7798
9956,5949
6504,7501,621
8930,3804
9296,4526
9397,971
10279,6637,5214
5333,7493
1029,11160,5275
12132,11446,971,6638
7749,8447
6082,12132,6391
6993,244
6512,6395
@dps-end:
@rep:7
@time:3.42
@trys:834006
@seed:117705823
@dps-begin:
2577,6439,8330,3804,6638,3919
11633,5394,8828
6849,5949,318
3804,4285
8103,6504
5745,6898,12181,10501,1319
7249,12442,7595
1029,10150,5534
10150,7259,605
8332,6319
10150,1054,9007
10501,10279,8828,5534
12181,8828,605
11506,6082,4007,7259,6028
3459,7259,8828
3905,7259,8447
10424,12442,5534
7249,12181,966,10424,8828
8259,9557,966,7065
7249,10377,8828
@dps-end:
@rep:8
@time:3.84
@trys:909699
@seed:112131119
@dps-begin:
2577,10706,261,5453,6638,3919,6239
9173,5949
10496,8568,8364
261,9397,9673
6659,10859,6319
4288,5394
4526,7583
7052,11197
10501,7149,9007
10240,10501
10501,7704
8242,6504,318
8006,10150,2907
7764,8954,6319
6003,11446
6440,8620,9151
6659,10204
4792,1801
7081,7259
10907
@dps-end:
@rep:9
@time:3.34
@trys:808657
@seed:108626351
@dps-begin:
10706,261,6439,8552,5453,6638,3919
10865,5949
6504,1801
10866,12442,5534
10501,11446,8552
5394,9382
10501,7798,6440,5705
4146,6342,9099,6638
10907,8828
7528,5849,4506,8828,5453
8410,7259,4526
4933,10150
8410,7259,318,10367
3459,11044,9007
8552,7065,8828,5534,9007
3987,6504
10592,932,677
3306,7259,6637
7528,8954,7149
6637,4285
@dps-end:
@rep:10
@time:4.051
@trys:947753
@seed:107980007
@dps-begin:
2577,1171,12390,6439,3804,3919
5745,5849,3039
5394,7830
8275,10501,10647
4792,2729
5669,8364
11156,11160,5275,7052
8165,7893,10150,6319
9397,6504
6659,10967,3039,9007
7158,6559
6016,275,6659
7158,7995,8364,605
8195,4526,9551
6439,10907
6914,10967,3837
8919,10124
4434,7764,10974,3919
7185,3085
8784,5745,2729,7995
@dps-end:
