@rep:1
@time:3.914
@trys:493449
@seed:179424673
@dps-begin:
11026,821,3148,9167
12312,11417
10432,3641,6795,1069
11026,3014,2361,7231
11026,10730,2075,8541,11519
8528,10248,2168,3148,3423
10171,12236
8656,10692,6228
7266,4820,6535,10121,7498
3184,4813
8275,4340
2706,7860,9926,11399,11113,3258,3148
3379,3557,806,3432,8524
11377,87,9319,5102
9700,3620,7158
8541,7870,11519
11890,10283,12347,5326
3555,5577,11085
9346,9926,8858,4476
12496,4247,11913,10252
@dps-end:
@rep:2
@time:3.65
@trys:480744
@seed:125164703
@dps-begin:
12010,3148,990,9167
6454,3833,10252,6460
10692,519,6044,4878
273,8769,326,12169,4638
3555,3620,10251,12414
7843,3014,12123,8956
7507,3620,1758,11023
12481,5667,3493,11817,1807
7507,10509
5072,4116,5573,1639
6998,6598,1881
4000,7138,2292,8661,1367,9167
3184,7396,8741
7138,1702,7866
3475,4902,6328,4476
6738,2101,3833,11417
8370,10856,58,1310
10432,6661,10650,4476
561,3822
2835,10324,7158,2425,3773,573
@dps-end:
@rep:3
@time:3.551
@trys:455493
@seed:132011827
@dps-begin:
7633,2425,3148,3182
11417,10042
3590,1098
7044,10901,4476
520,11900,6781,2046
10418,7044,5140,4728,4252
9777,5387,11035
561,4081,3977,6637
2080,2246,10251,9980
7138,1702,3641,1881,12447
9393,7927,4843,9724,1165
7171,12312,4793
8625,4708,4116,2634
10432,5526
9495,10171
3148,926,5102
5157,7575,10746,3242
1602,11657,7498,4476,6028
5520,3379,10252,4078
2099,10856,2046,4591,2271
@dps-end:
@rep:4
@time:3.71
@trys:480704
@seed:124987441
@dps-begin:
7633,2425,3148,3182
10774,7052,11757
65,307,11348,3182
3620,5573,5757,1039
9777,11698,8324,4013
10548,326,5132,5983
8769,7052,1951
1314,2425,11417
4476,7052,702
561,10692
4295,6762,8730,3148
11173,1162,11070
3555,5542,2731,3038
709,4789,2518,4504
8769,12053,12395
5140,8741,1511,7498
10916,6216,2345,10252
2256,561,3585,7575,2664,6730,11820
4789,9542,1916,3773
7746,7684,7396,10470,11231
@dps-end:
@rep:5
@time:3.61
@trys:455412
@seed:123979721
@dps-begin:
1639,3148,9167,5839
10432,8642,10870,10155
2339,12341,885,990,3727
10324,4793,10252,1149
3379,5140,5444,7575,90,1564
7507,7717,4710,11130,10363
8769,8741,8775,4936
2960,7138,1685,10252,12462
11219,3182
6690,2518,1098
2467,10692,4902
8324,3236,10509,1183
8017,10324,7509,8471,4490,2332
10227,11880,4793,297,8667
8017,9272,6460,1453,9167
6228,8471,6008,2731,8811,10252
7633,821,6406,4295,5143,7032
389,10901,10251
5542,2551,5143,10329,4490
8769,316,3773,4270,5727
@dps-end:
@rep:6
@time:3.61
@trys:455608
@seed:119777719
@dps-begin:
5606,2425,3148,3182
6228,6998,9161
9554,2518,6623
11586,10329,12010,11886,5806
3236,5573,9887
2464,8324,6597,9751,5943,10141
11417,8060
7824,10769,8060
10640,561,7684
5157,1078,2728
8769,11204,4473
1041,6228,11670,8231,941,6623
1881,7198
2731,3277
291,7044,7398,1035
1729,12148,7575,8060,3726
709,793,7467,1165
3712,11035,1564
1840,2,8212,6858
1162,5562,8060
@dps-end:
@rep:7
@time:3.75
@trys:480674
@seed:117705823
@dps-begin:
8200,2425,3148,3182
10692,11050
4226,12123,11820
8584,11417,8236,10684
1564,8655
8370,4116,6824,8425,8537
4869,4793,3162,4845
10640,1123,3557,1158
7843,4295,12010,10315
11219,11900
793,11900,3277
4944,7861,1702,8584,3704,5421
5584,3014
3620,5063,793,2397,9711
9393,5157,12010,12123,6619
9154,373,10315,2476,8541,8254
11323,9787,1613,10959
7376,1554,793,7001,9817,12028
6769,3555,4292,326,7163,10812
11698,5542
@dps-end:
@rep:8
@time:3.661
@trys:468139
@seed:112131119
@dps-begin:
2425,3148,990,9167
307,10692
2233,11417
9393,5606,11575
12279,7001,11900,5983
326,1673,7500,10509
10432,9393,10363,4476,1055
561,8706,10916,728
11778,8324,1685,12487,7498
5140,6326,2425,7498
9760,423,11561
9138,7194,10251,4476
7824,9787
3200,1010,309,6623
10521,2731,12123
9138,7171,1469,6974
12496,4147,11173,8394,3052,3775
11511,7001,6158,11231
7586,6242,9138,2518,9528
3555,10916,1685,506,6637
@dps-end:
@rep:9
@time:3.49
@trys:455657
@seed:108626351
@dps-begin:
7633,3148,3182,9167
10252,1951
11417,9711
10432,6721,2518,3819
10692,1877
10329,10251
4657,561,3174
7138,11381,10055,1068
7138,12264,8541,8206,1855
5584,7052
7824,9787
4116,8254
7203,1066,2043,10140
2467,11035,1469,1695
785,10307,7843,9259,1515,8060
9138,4323,5063,7803
8866,7044,8324,7498,6908,9709
8448,5750,1881,8682,8266
8354,3546,8266,11514,7034,10363,8956
11698,2046
@dps-end:
@rep:10
@time:3.75
@trys:480654
@seed:107980007
@dps-begin:
7633,2425,3148,3182
11417
2046,11070
10692,7228
9192,12010,9599
2865,8324,6158
11381,11462,11802,7052
561,5542,2518,2731,11983
5960,1881,4252
9760,7138,7610,12236
7138,7203,198,8956,10252
5281,7138,8775,2551,620
401,9379,4295,5743
4147,7812,9109,8231,6535,5964
7138,1123,8261,5562,9004
7138,11130,6858,826,12442
1685,3590,1370,11613
7032,3497,12010,11886
7843,9270,10251
326,9096,8303
@dps-end:
