@rep:1
@time:0.19
@trys:98309
@seed:179424673
@dps-begin:
1985,1354
867
298,943
960,15
1904,42
817,1985,537
1985,1059,266
1888,2085,1660
1380,1256
1328,435
1987,2239
1379,900
2005,735
1142,2107
872,1098,2189
371,477
1943,903
1298,233,1530
709,1479
613,2154
@dps-end:
@rep:2
@time:0.2
@trys:102640
@seed:125164703
@dps-begin:
1985,2054
867
1888,428
3,2020
1912,872
877,2302
864,374
753,1785
2245,1351
245,1167
613,1450
1153,1447,1579
1930,380
1124,1755
1912,1450,941,1855,1039
2249,1818,2204
1930,653
259,859
1122,1643,1979
1443,777
@dps-end:
@rep:3
@time:0.19
@trys:98084
@seed:132011827
@dps-begin:
1985,2054
867
937,636
122,700
1836,510
709,892
1223,1167
537,507
1176,1019
673,839
2176,1362
1925,1866,332
1060,1724
26,110
881,899,2182
194,1987
212,1382
1362,921
2137,26,2014
418,1962,1118
@dps-end:
@rep:4
@time:0.2
@trys:102686
@seed:124987441
@dps-begin:
1985,1735
867
324,1547
1660,764
960,1106
1326,1726
2272,555
1559,430
864,1367
1590,1930
2037,1757,2109
1059,122
864,374
1987,1899
80,1397,1654
864,660
1568,1201,796
1969,1142
1920,2245
673,1367,2047
@dps-end:
@rep:5
@time:0.2
@trys:102630
@seed:123979721
@dps-begin:
1985,2054
867
1541,1434
1930,1341
553,1262
1365,347
1009,2047
2097,559,2095
1225,877
66,1769
754,2101
1785,1722
1985,2290,2107
2245,2300,1836
466,23,713,157
1586,2024,1820
1122,1631
2193,2107
1252,1910
245,998
@dps-end:
@rep:6
@time:0.2
@trys:97995
@seed:119777719
@dps-begin:
1985,1735
867
1586,877
1922,1854
1785,1294
122,1084
1365,1407
1750,1399,1342
887,2024
2058,923
16,322
259,26
1622,489
2205,1118
2071,2043
2003,1674
55,1197
1153,332
1954,531,2006,87
2024,795,1118
@dps-end:
@rep:7
@time:0.19
@trys:95815
@seed:117705823
@dps-begin:
1985,2054
867
760,1930
1254,1374
165,1897
925,1743
310,971
915,1412
1785,10
1356,1118
1441,1326
182,460
673,836
233,2235
2050,1530,74
1696,1236,1269
872,1963
537,1868
773,2204,1821
90,686
@dps-end:
@rep:8
@time:0.19
@trys:95515
@seed:112131119
@dps-begin:
1985,1735
867
368,447
3,2266
80,2119
1794,877
1930,1659
659,743,155
801,1174
117,923
569,332
2189,895
371,877
1649,950,810
1571,805
979,93
1818,1117
1466,1341
1987,773,599
2272,938,1999
@dps-end:
@rep:9
@time:0.2
@trys:102887
@seed:108626351
@dps-begin:
1985,1735
867
360,479
231,1097
836,795
754,678
3,1915
537,479
872,1742
2226,872
789,1097
1365,533
846,783
372,933,1611
1367,15
112,277,1738
1904,1922
1803,731
2066,366
89,1678,447
@dps-end:
@rep:10
@time:0.19
@trys:95711
@seed:107980007
@dps-begin:
1985,2054
867
498,274
3,1878
713,1085
316,877
3,822
576,719
23,1182
1861,522
2305,475
738,2102,1660
2278,1326
1354,1162,828,1757
1045,1910
738,2021
983,1815
2275,877
626,207
1761,971
@dps-end:
