@rep:1
@time:1.07
@trys:322142
@seed:179424673
@dps-begin:
2465,6964,5432,4952,2585,3161
3920,6784,1646
4948
4752,7094
4255
5257
3831,4665
4241,146,5590
1205,6894
2944,531,5415
5769
@dps-end:
@rep:2
@time:0.95
@trys:293882
@seed:125164703
@dps-begin:
2336,3682,6964,4952,3161,6527
6275,3318
4948
5865,829
4872,1468
7010,6397
5952,4398
849,472
1986,891
4163,2104
1769,4636
3066,6812,3839
1888,2724
3113,4811,3181
4560,6299
2050
5769
@dps-end:
@rep:3
@time:0.95
@trys:301102
@seed:132011827
@dps-begin:
496,2465,6964,2585,5420,6527
3081,76
4948
4255
5756,6334
3957,6381
5521,2196
6548,5512
3104,4661,1577
5971,439,649
366,1647
4071,495
296,5864,1642
6289,5512
5151
@dps-end:
@rep:4
@time:1.34
@trys:386573
@seed:124987441
@dps-begin:
2465,4482,6964,3161,2585,6043
323,5656
385,1129
4255
3226,3887
6582,1004,2751
6250,7087
5583,975
6904,3311
800,6571
7129,3149
@dps-end:
@rep:5
@time:0.95
@trys:293853
@seed:123979721
@dps-begin:
5169,4482,6964,4952,2585,6527
5313,4090
1129,6397
3565,4175
1177,1326
2420,2907
5885,6381
112,4608,4563
4898,3045,3516
2236,5933,1693
4804,1044,5933
5769
2910
@dps-end:
@rep:6
@time:0.93
@trys:293705
@seed:119777719
@dps-begin:
2465,4482,6964,4952,2585,6527
4981,6888
4948
4182,392
4194,2645
2566,3111
5488,1647
2529,1146,7020
5488,3633,6964,3125
5092,5609
4859,5771
4017,6439,5801
5769
4944
@dps-end:
@rep:7
@time:1.0
@trys:308316
@seed:117705823
@dps-begin:
5169,5603,6964,4952,3161,2445,6527
3081,4459
4948
6020,5006
2421,5052
610,164
4806,2745
5521,6123
4273,2978
3344,5902
5449,5947
2120,4924
6903,4344,6123
6537,3642
@dps-end:
@rep:8
@time:0.97
@trys:301084
@seed:112131119
@dps-begin:
2465,4482,1939,6964,3161,6043
1129
1209,1310
4948
4113,7129
1536,1617
3360,31
273,7012
2113,1135
3106,730
2113,7029
6137,3162,5917
539,3039
4944
@dps-end:
@rep:9
@time:1.04
@trys:315064
@seed:108626351
@dps-begin:
385,6964,4952,2585,2445,6527
3906,2070
4948
5352,3706
3508,3766
5472,5435
6683,1101
6687,1887
5314,979,4665,12
3168,2178,2083,3353
3043,3572
3336,5769
6408
5769
@dps-end:
@rep:10
@time:1.0
@trys:308398
@seed:107980007
@dps-begin:
385,6964,2585,5420,6527
2213,1799
4948,2446
2898,339
3034,1068
295,425
6804,223
4759,5390
3299,1158
4017,5748
6169,2205
1272,2120
708,6058
3572,6183,1943
@dps-end:
