@rep:1
@time:2.16
@trys:466611
@seed:179424673
@dps-begin:
4214,6102,2247,4360,4137,3322,3660,4829
4214,4486,4120,2073,6282
3045,2202,7100
1777,417,4116,4677,1243
4626,218,2266
2080,4561,312
1777,5236,218,3694
1650,5203,4758,2184,1946
5437,1438
1777,4875,7117,3694
4741,2184,1020
5236,2247,1289,1946,4028
4116,325,4318
386,218,107
1312,4758
1777,2660,758,5513,4748
1289,2685,3070,431
1289,4137,1946
5168,2660,3013,1738,1999
6818,2802,1124,2184,218
@dps-end:
@rep:2
@time:2.19
@trys:481220
@seed:125164703
@dps-begin:
4214,6102,2247,4360,4137,3660,4829,4207
4214,1084,909
888,5721,4570,7100
5188,3895,1162,2541
2080,4441,5439
218,2266
5188,6102,4120,3115
4484,4214,2872,5370
312,218,7100,45
6599,4120,1755
4116,6582
2660,6168,5437
4402,2587,1755,6685,3374
1586,760,7100
5665,2193,2021,3754,2287
5280,6259,5188,4409,6653
2266,43
1650,2258,5270,5983
4137,4875
5377,5188,1750,4442,4207
@dps-end:
@rep:3
@time:2.08
@trys:459859
@seed:132011827
@dps-begin:
2021,4214,2247,2184,4360,4441,1084,5807
4214,6255
2660,7100
6993,1217,5188,4137
2266,218
2266,218
389,4441,4588,5437,2287
2529,5188,3895
4116,2021,5468
2529,4214,5979,5807
1185,2450,1251,2101,956
5427,676,2872,572
1312,3876,4758
2080,218,5215
1858,1972,4484,2975
386,2021,6582,2119,4748
1858,2677,4360,1226
5025,3284,406,218,1755,431
2184,3224,5437,2287
2080,6756,3876,4655
@dps-end:
@rep:4
@time:1.73
@trys:387989
@seed:124987441
@dps-begin:
4214,2247,760,4360,2184,1289,4441,1084
4214,6255
2184,7100
5188,2404,1755,6222
2247,6255,1231
532,4116,2230,2287,5439
1185,2266
1650,3602,909,5807
2449,5282,6699,431
2080,2660,124,2046
3284,956,735
3895,3031,3017
5393,3442,1410,5188,5925
5152,5188,277,1306
1572,43
2080,1650,2036,3070
5188,6699
4531,6102,6653,4847,2975
2048,2266,5708,3839
4200,729,235,1084,7117
@dps-end:
@rep:5
@time:1.9
@trys:438146
@seed:123979721
@dps-begin:
4214,2247,4360,4441,3660,4829,5807
4318,6255
7100,2541
1650,1251,5983
4137,2266,3999
2404,3895,4441,2941,6047
4801,5188,956
4116,2184
3045,3381,1226,956
2080,2802,1844,4877
5001,43
1312,3426,4120
2266,2239,431
5026,5301,3317,4458,956
962,5828,3013,3895,3660
1124,2184,3067
1200,2036,4214,5142,3031,2872,4680
5250,2450,4116,1257,1020,636
3426,2450,5807
4262,1755,2941
@dps-end:
@rep:6
@time:1.71
@trys:388611
@seed:119777719
@dps-begin:
4214,6102,2247,4360,2184,4441,5807
6102,218
393,7100,431
1251,5188,5721,2073
1251,4116,2184
2948,3895,6255
4358,2266
5250,1122,5491,4486,2247,2266,4860
2450,6102,3623,2318
5236,4120,1755
1312,1020,6255
356,5188,5979
2450,1226,956,4175
5188,5240,6699
2080,1185
4192,3895,5402
3185,1875,4214,4748
4200,6522,1438,399
5377,5468,158
2401,5545,572,2975
@dps-end:
@rep:7
@time:2.06
@trys:481095
@seed:117705823
@dps-begin:
2003,4214,6102,4360,4137,3660,4829
5188,4137,572
4486,7100
6292,5721,3131,1755
4677,618,2266
5188,4116
2753,6148,4214,3017,2975
2017,5188,405,218,2239
5925,1226,909
5936,5188,3988,4619,1325,1150
2184,6699,2398
1152,2449,5236,4120,1417,729,3754,2491,2383,6575
3988,5236,3660,5807
4482,3623,5807
3872,6148,3660,4188,5293
5616,3895,3131,2941
2080,956
3067,43
4214,2872
1649,5270,5830,6255
@dps-end:
@rep:8
@time:1.68
@trys:395717
@seed:112131119
@dps-begin:
2003,4214,2184,4360,1289,4137,4829
4214,4038,4360
2230,7100,572
1632,3329,5188,4829,4270
1632,3076,4116,2741,5624,4829
264,1289,1438
5236,1755,956
3284,6981,325,4441
2193,4546,6873,1340
2080,2660,5240
4482,3895,4365
5715,218,4748
1312,7000,6255
2872,6255
1904,5188,5908,581
1650,2230,6508,1084
2450,956
3059,4069,1084,2541
758,5270,3067,4318
4214,2202,107
@dps-end:
@rep:9
@time:1.84
@trys:424117
@seed:108626351
@dps-begin:
4214,6102,2247,4360,4137,3660,4829,6255
4214,4360
5721,7100
4116,5188,312
3382,2266,1020
2048,3059,1462,3623,4441
2450,1462,4441
2210,956,2975
3170,4409,1755
5188,6228,5721
5377,1858,5370,2172
5188,5001,6699
5188,1306,858
2080,2660
1312,5365,1738
2946,5715,5236,2119,4619,1020
5188,4987,43
1777,3284,107
729,570,6522,1438
1777,2786,956
@dps-end:
@rep:10
@time:2.12
@trys:474042
@seed:107980007
@dps-begin:
2804,6102,4214,2247,4360,4137,3660,4829
4214,6255
4489,7100
4137,2266
4498,1650,5188,2663
5188,4581,3895
4116,2202
1152,1084,7117
406,918,218
1152,4103,1755
1777,2193,4748
1876,107,572,2287
1312,4360,6031
160,1586,4358,4679,5370
2080,6386,5468
6704,4116
1618,3059,3076,3031
1590,4214,2872,3161
4208,1508,4214,1084,2685
1124,5370,572
@dps-end:
