@rep:1
@time:1.14
@trys:530696
@seed:179424673
@dps-begin:
4785,150,1499,6764
276,5239,3736
1499,2635,2173,6079
1056,2114,5402,6718,6879
4773,6879
629,3079,5885
6200,7064,6329,2298
503,6953
6053,6879
2838,3079,5885,6799
5031,5530,155
4773,6379
6088,873,332,1311
485,5239,2137
6768,7024,6290
5961,2651
3157,5621
6726,3079
485,2137
3732,5885
@dps-end:
@rep:2
@time:1.0
@trys:472988
@seed:125164703
@dps-begin:
4785,150,2838,1499
5040,5961
896,2283,1499
6533,3211,155
896,2224,629
2233,5885
5073,3157
6245,3359
4641,5135
6768,4345,2635
2101,6533,4952
156,4911
896,6245,3801,2137
2226,4659
2224,2706
7064,155
1361,6133,3099
150,5212,1759
5137,4247,3801,185
384,1499,7117
@dps-end:
@rep:3
@time:1.091
@trys:516004
@seed:132011827
@dps-begin:
4785,150,1499,6764
5961,4380
1499,3099,1308,7117,6718
5424,2838
6245,2635
5961,5471
5396,1499,6236
4245,2838,3359
1499,5885,1759
981,6053,1499
5961
100,3912
3799,155
4562,3451
2114,3679
2838,156
5396,6811
145,630
3632,2752,4314
4208,2204,5085
@dps-end:
@rep:4
@time:1.11
@trys:523283
@seed:124987441
@dps-begin:
4785,150,4938,1499,6764
150,1499,6236
5073,6088,1499,2351
6678,1499,5885
1156,5961,3819
3622,2029,5262
2224,1499,4143
5396,4952,1499
2853,4790,5262
6546,5290
2096,3773
2224,896,6245
2114,4952,1499,5199
759,156
855,6088
2315,2204,6718
5396,5527
2096,3819
2816,3964,5631
896,6936
@dps-end:
@rep:5
@time:0.9
@trys:437619
@seed:123979721
@dps-begin:
4785,2838,150,1499
2838,6588,7118
1499,6236
2838,4247,3099,1499
896,159
1768,5500,5885
759,855,2923,127
3651,822,6726
6309,3445
6643,6726,822
2114,4773
3315,3079,1529
2224,276,2204
1361,6546,1670
1633,2838,6718
1156,5885
6678,572
4452,155
2096,2697,844
6643,4042
@dps-end:
@rep:6
@time:1.69
@trys:779802
@seed:119777719
@dps-begin:
3240,3130,4938,1499,2335
4211,2283,1499
4645,5961
4790,155
4247,6200,3550
2981,2137
981,2838
5113,5885
3622,7117,5262
3079,4143
3348,1499,6223
4641,822
6768,145,6236
5812,2204
4659,1116,5199
2226,6450,1259
3220,3079
5138,3532,493,6879
3445,3079
7024,4247
@dps-end:
@rep:7
@time:1.15
@trys:544483
@seed:117705823
@dps-begin:
4785,150,4938,1499,6764
6768,5239
1499,5243
1499,1116,4143
262,3099,2045
4345,2635
4247,6200
5961,4185
6884,629,1499
7024,5290
2081,2150,2838,1116
5396,276,5294
4785,5530,6379,1116
1361,6726,1499,2651
5830,2459
6112,2952,4345
561,3445
2114,2547
2224,1759,127
5073,6229,2137
@dps-end:
@rep:8
@time:1.02
@trys:487272
@seed:112131119
@dps-begin:
4785,2838,150,1499
5840,276
4773,2838
4994,3191,1499
1378,4469,4143
6290,822,2635
2224,2137,2233
485,5512,2697,5885
3248,2165,2838
2345,1116,6588
155,4351
4773,1115
5795,1156,159
5530,1499,670
4390,1759
4053,822,4345
6200,4255
4912,1361
5424,6200,491
100,4942
@dps-end:
@rep:9
@time:0.98
@trys:459161
@seed:108626351
@dps-begin:
4785,150,4938,1499,6764
1499,5243
5961,3103
759,5530,1116
1056,2923,4143
156
2114,6380
2472,6251,5885
2224,276
1298,6884,1499
577,3157,5221
6884,5109,6207
480,6546,2165
3673,6953,1499
5424,822,2283,6429
6546,759,2137,396
521,2635
2337,5413,6207
759,5035
2224,1759
@dps-end:
@rep:10
@time:1.21
@trys:551268
@seed:107980007
@dps-begin:
4785,150,4938,1499,6764
1511,5961
3079,5885
6053,6879
2224,4938,3996
156
5396,3622
3912,5961
822,3247
1670,2838,2169,1499
1361,3445
2137,670
6305,2137,1499
4167,5015,6876,4143
4498,3197
276,5231
855,2223,6879
3157,5243
5424,6477
5798,1759
@dps-end:
