@rep:1
@time:1.02
@trys:464855
@seed:179424673
@dps-begin:
4785,150,1499,6764
6565,6806,5750
1113,5455
3891,4611,4206
3891,2537
1481
4945,5256
6098,5419
5860,153
6108,991
3954,2507
3983
@dps-end:
@rep:2
@time:0.91
@trys:421925
@seed:125164703
@dps-begin:
4785,150,2838,1499
5728,775
3748,6585
693,1311
6434,1341
288,5626
1206,3782
6641,4813
5752,6959
5142,5917
3143,2093
82,988
810,4237
@dps-end:
@rep:3
@time:0.84
@trys:386188
@seed:132011827
@dps-begin:
4785,150,2838,1499
3411,357
6499,1667
4567,2364
1954,6567
4817,156
1874,5463,393,5885
241,167
6356,4156
3155,7022
@dps-end:
@rep:4
@time:0.79
@trys:372011
@seed:124987441
@dps-begin:
4785,150,1499,6764
2853,775
3381,4476
4795,2445
6203,3214
6604,4156
5098,1215
1079,5801
6121,6635
3924,1980
1026,4218
3201,3223
2722
@dps-end:
@rep:5
@time:0.8
@trys:379081
@seed:123979721
@dps-begin:
4785,2838,150,1499
6327,1259,1423
3030,6666
4818,2508
6841,1759
4471,6189
2977,159
5796,1288
4700,6941
1425,4501
4059,6927
1121
@dps-end:
@rep:6
@time:1.63
@trys:742852
@seed:119777719
@dps-begin:
3240,3130,4938,1499,2335
3217,1215
2003,2926
600
3924,3190
3706,3918
4000,2340
336,2358
4945,5080,2014
5678,5054
@dps-end:
@rep:7
@time:1.07
@trys:500451
@seed:117705823
@dps-begin:
4785,150,4938,1499,6764
3600,3157,5429,2701
6930,3558,6524
1008,5410
7041,5930
4736,3252
459,1998
3143,6685
2294,3915
4871,6458,1933
3985,3559
@dps-end:
@rep:8
@time:0.92
@trys:429327
@seed:112131119
@dps-begin:
4785,2838,150,1499
5750,3962,491
4869,4382
928,1414
6611,3999
1815,2670
3920
1856,738,6950,983
3844,2693
5271,3545
4662,3372
1948,431
1230
@dps-end:
@rep:9
@time:0.891
@trys:415005
@seed:108626351
@dps-begin:
4785,150,4938,1499,6764
2226,5750
4704,5005,4639
516,6567
4032,4573
3816,2957
3429,797
1986,3085
6385,6181
5337,6815
3664,1993
964,7063
@dps-end:
@rep:10
@time:1.14
@trys:507435
@seed:107980007
@dps-begin:
4785,150,4938,1499,6764
2096,6819,6430
6199,1615
44
3832,429
2501,3064
1288,335
4036,6777
2321,3273
1217,478
1329,6385
6009,3133
@dps-end:
