@rep:1
@time:1.87
@trys:718423
@seed:179424673
@dps-begin:
978,9570,2579,6326,9976,2665,8415
2743,3194
1808,4748
3812,3836
1267,9673
2227,9948
3205,1799
7243,1775
577,7336
612,4263
5860,3641
612,1799
3392,3030
3558
@dps-end:
@rep:2
@time:1.53
@trys:617458
@seed:125164703
@dps-begin:
8609,9570,2579,6326,2665,8171,8415
498,2292
1973,265
3472,2934
353,508
7910,8138
3905,7463
836,9085
608,469
8065,996
7783,5017
7154,773
2864,1247
@dps-end:
@rep:3
@time:1.25
@trys:506311
@seed:132011827
@dps-begin:
978,2579,1059,2665,7820
163,2595,1863,7069
7864,7705
5833,5166
7264,8850
7328,1153
9092,10009
2789,7142
6277,4249
7264,7595
8837,3662
1875,6229
@dps-end:
@rep:4
@time:1.52
@trys:607437
@seed:124987441
@dps-begin:
8609,9570,2579,6326,214,2665,8415
4899,1189
2864,5934
8210,3662
3249,6341
7041,575
18,8381
1504,2687
1780,2281
1409,4590
6539,3356
@dps-end:
@rep:5
@time:1.77
@trys:698582
@seed:123979721
@dps-begin:
9570,6326,9976,2665,2095,8415
8452,1973,9673
7185,1359
8785,8635
7077,6766
2604,4911
480,1865
551,654
4101,1595
2594,9365
8578,2607
7970,461
2042,573
5489,1848,3130
@dps-end:
@rep:6
@time:1.79
@trys:678220
@seed:119777719
@dps-begin:
8609,978,9570,2579,6326,2665,8415
6387,9518
6676,9151
3363,2949
5301,427
9937,1845
57
7601,2725
7489,4376
3356,4382
7601,7631
@dps-end:
@rep:7
@time:2.11
@trys:789197
@seed:117705823
@dps-begin:
8609,978,9570,2579,6326,2665,8415
8342,7401,7916
3351,330
7089,9266
9841,8585
4668,4990
4279,793
5516,4382
4421,4779
5956,2398
9266,7186
1041,3411
474,4510
5921,6943
@dps-end:
@rep:8
@time:1.78
@trys:678246
@seed:112131119
@dps-begin:
9570,6326,9976,2665,2095,8415
4145,9847
5578,5115
2278,2887
3172,3023
1380,2398
7826,7527
4010,7871
3584,1413
1617,4779
8491,9119
8063
7296,7910
@dps-end:
@rep:9
@time:1.74
@trys:668194
@seed:108626351
@dps-begin:
9570,6326,9976,2665,8415,2095
6293
7706,9850
5285,6070
4448,1267
2065,7844
5,2855
836,5963
395,4958
7573,9335
8245,7598
404,8394
1267,3869
9235,4037
2393,7663
@dps-end:
@rep:10
@time:1.47
@trys:576888
@seed:107980007
@dps-begin:
8609,978,2579,6326,2665,8415
3186,2887
5860,7547
6906,3903
2722,6766
1114,8110
4549,4182
8711,5435
4099,8890
@dps-end:
