@rep:1
@time:0.19
@trys:100150
@seed:179424673
@dps-begin:
1985,1354
2054,1375
562,2127
1836,239
1670,842
1985,1231
200,239
1681,1985,2276
1985,1815
1985,626
1632,562
372,1258
588,1341
562,1951
2082,239
2246,1991,588
1985,1450,588
562,1080,588
562,546
1505,2054
@dps-end:
@rep:2
@time:0.18
@trys:97687
@seed:125164703
@dps-begin:
1985,2054
1670,239
1335,1354
1985,626
1670,842
1637,1354
588,1341
1985,1815
1095,239
1985,842,106
1985,1231
1985,1416,1354
1985,1912,588
320,1985
1859,239
1985,575
1985,2175
1985,955
472,1354
550,239
@dps-end:
@rep:3
@time:0.19
@trys:104667
@seed:132011827
@dps-begin:
1985,2054
1859,239
562,106
1735,430
1985,626
1985,1335
1985,1231
1670,239
588,1341
1670,2127
100,1354
1936,588,239
562,2127
56,1354
1985,989
934,1735,1354
1985,899,1354
1985,472,588
1354,575
1985,2175
@dps-end:
@rep:4
@time:0.19
@trys:104653
@seed:124987441
@dps-begin:
1985,2054
1985,626
562,1039
1670,1991
1670,239
372,1258
1985,1815
1346,239
1335,1354
1354,2074
1670,842
588,1341
1354,1630
1985,2117
1354,1244
1985,357,1258
1397,1354,588
1354,1306
2054,1675
1991,2109
@dps-end:
@rep:5
@time:0.19
@trys:100114
@seed:123979721
@dps-begin:
1985,2054
1985,654
695,1354
239,2127
1985,29
1073,1098
1985,1231
588,1341
1632,562
2054,731
1985,626
1836,1934
1735,1912,588
1670,2127
562,1951
1670,239
1985,746,588
1432,1354,1951
1063,1991
1985,366
@dps-end:
@rep:6
@time:0.2
@trys:102576
@seed:119777719
@dps-begin:
1985,1735
1985,1894
562,2054,1646
1477,1098
1836,239
1985,1231
1670,842
353,1354
2074,1354
2054,731
273,1985
2054,1375
200,239
1985,587,1646
1500,239
1354,1951,239
2054,1354,1823
1985,2054,1416
1985,1849
1985,899
@dps-end:
@rep:7
@time:0.17
@trys:95651
@seed:117705823
@dps-begin:
1985,2054
1063,239
2054,731
562,106
562,2003
1836,239
200,239
320,1985
1735,1354,778
562,392
588,1341
1335,1354
1985,1231
1681,1354,239
562,546
392,1354,2187
1985,1354,2095
857,1354,1291,588
2074,1354
2054,1823
@dps-end:
@rep:8
@time:0.19
@trys:102477
@seed:112131119
@dps-begin:
1985,1735
1985,277
562,1432
2054,1883
588,1341
200,239
435,1258
1736,1354,1098
842,1836
1985,1231
353,1354
1985,1557
1456,239
736,1985
1670,239
1456,1985,1258,1354
1985,346
1191,1354
2054,798
2054,1258,842
@dps-end:
@rep:9
@time:0.21
@trys:111686
@seed:108626351
@dps-begin:
1985,1735
372,1258
435,1258
1670,1991
1063,239
562,296
1836,239
200,239
1985,1231
353,1354
1985,1354,2287
1985,1335
2054,731
1354,2074
1985,1557
1670,842
1985,1894
1985,2081,1638
1898,239
524,588
@dps-end:
@rep:10
@time:0.19
@trys:104691
@seed:107980007
@dps-begin:
1985,2054
842,1836
869,239
1985,1745,1934
2054,731
562,1291
1670,239
1985,1231
1335,1354
1985,626
588,1341
1985,346
1354,1934,1422
562,1717
1985,1258,1308
273,1985
1985,1171,1258,1934
1670,588,1934
1985,1927
1985,472,588
@dps-end:
