@rep:1
@time:0.97
@trys:294954
@seed:179424673
@dps-begin:
2465,6964,5432,4952,2585,3161
3029,5432,6749
3506,1799,3161
2465,6964,1799,2169
1329,2465,1014,1686,5432,3161
2385,4098,2355,727,2585,329
6964,614,3161
6210,6964,2423,5821
6964,4774,4697
1939,4998,3161,5439
691,4084,2646,4952,5166
496,6964,4197,2445,4461
4129,1186,3716,3754
6964,6277,4822,6749,2445
2646,2295,376
4119,2104
1618,6964,5332,3161
1939,4981,249
2930,6964,2646,2295,4461
2465,306,5273,3161
@dps-end:
@rep:2
@time:0.86
@trys:266131
@seed:125164703
@dps-begin:
2336,3682,6964,4952,3161,6527
5603,4005,1799,3161
6964,4731,5292,6527
6964,3093,5286,3371
4098,2295,1931,5821
3168,2646,2423,1931
2610,3029,3342,6527
1154,1799,6527
2336,2646,1014,4247,3161
2465,3779,2743
3161,6191,6527
3784,3161,5149
3682,4981
6210,2295,2423
3779,500,1799,3519
1154,2423,4106
2646,5415,1799,3342
691,4952,6527
6592,4337,2856,2445
1474,376,6527
@dps-end:
@rep:3
@time:0.9
@trys:273541
@seed:132011827
@dps-begin:
496,2465,6964,2585,5420,6527
6694,376,4459,6527
6964,645,2295
3216,4098,6100,5415,3754
4981,2585,2445
1329,6964,2616,299
6964,2585,1838
4998,1799,1961
6964,2585,5133,1661
6720,4337,2930,5603
3696,6720,1799
3216,4098,3029,4186
2465,2610,5109,4008,4461
6257,4247,6392,6344,1661
2465,2646,1931
6596,299,4204,2445
4098,1961,2585,5149
6210,5109,4247,1144,6527
4517,6150,4679,4264,2585,299,1931
3093,4774,1034,1931
@dps-end:
@rep:4
@time:1.32
@trys:359526
@seed:124987441
@dps-begin:
2465,4482,6964,3161,2585,6043
2423,3161,4461
3906,4482,1799,427
2336,3216,6787,4203,3371
6210,6212,2743,3161,4461
144,4482,6596,781
3168,306,6964,188,4461
6018,1077,4998,376,249
144,2656,2295,2763
4981,6054
2336,3216,500,4203,3371
5088,6964,133,460
3029,4119,5432,6046
4482,6964,614,2445
1952,3168,1961
3216,4710,1799,3161,6399
5088,3574,3161,6057
6964,6100,2646,1799,299
3810,6212,6964,1144
6964,4197,3161,2446
@dps-end:
@rep:5
@time:0.86
@trys:266350
@seed:123979721
@dps-begin:
5169,4482,6964,4952,2585,6527
1939,6212,2585,4937,4430
2482,2423,6527
5603,1799,2090,299
4482,455,3161
5169,4098,3539,3161
4098,354,6964,1799
1329,2646,4203,299
4482,1923,4699
2306,4952,460,2125,6527
4981,5415,1799
6592,1920,6257,6964,3716,3029,3161,4618
385,5603,6964,249,5149
6257,1105,6964,2646,6527
6592,309,1799,2856,4203,2446
4482,5432,4766
4482,1923,1014,4247
1329,2295,299
5986,5603,6100,6031
1799,3161
@dps-end:
@rep:6
@time:0.83
@trys:266138
@seed:119777719
@dps-begin:
2465,4482,6964,4952,2585,6527
6964,3093,4203
4998,2423,6043,1996
2295,376,6527
2465,1799,4203
2336,4981,6527
1939,3029,2585,3754
1329,2355,2585
3029,455,6527
2465,6018,1365,2646
455,2104
3168,5332,6964,1099
1440,6964,4203,6527
6964,4774,2646
6018,3714,6212,3029,1799
4197,4998,3161
144,6100,4998,1799,376
1440,6964,4203
6964,6090,6749
1618,3779,6964,6839,1931
@dps-end:
@rep:7
@time:0.91
@trys:281147
@seed:117705823
@dps-begin:
5169,5603,6964,4952,3161,2445,6527
2610,3161,6527
6481,1923,6964,3161
144,6720,6659,500,6596,3941,4008,3161
6100,3029,645,727,1403
3906,1799,4697,3342
5712,500,1961,4459,6478
5665,291,6085,4981,5527
6964,133,3371
2723,6964,4774
6964,2423,1799,6399
6964,4440,3161,4203,2763,4507
144,3168,5169,3687,4461,6527
1799,6527
2336,5169,3779,1673
6964,2646,6839
4864,2104
5665,4482,6964,3483
4098,6964,1721,1931
4432,500,3161,249,4346
@dps-end:
@rep:8
@time:0.86
@trys:273612
@seed:112131119
@dps-begin:
2465,4482,1939,6964,3161,6043
1799,4008,3161,6527
496,2465,306,4344,5432
6212,4247,3161,4846
4197,2008,1961,1931,1661
496,3754,6527
3506,3574,4697,3161,1451
5415,5736,4203,1661,6527
1939,2423,4952,4459
4098,5603,2646,6043
4337,6964,2446
6257,2585,5454
6964,4774,1214
2646,2982,3161
6210,5213,3342,6527
691,6100,6527
3216,4448,1686,1911
1939,4981,4247
6964,5332,5109,3161
455,2104
@dps-end:
@rep:9
@time:0.94
@trys:288072
@seed:108626351
@dps-begin:
385,6964,4952,2585,2445,6527
5603,1799,3161
3093,1911,376,1931
3091,6964,6527
2465,4998,2423,4346
5072,4129,1799,2295,6264,2446
3682,4981,6527
1939,3161,4204
2982,727,4952,3161,6527
1329,6596,6485,249,4459
2465,6210,4344,4569
4864,6481,1799,6527
3682,2104
3840,6257,6980,1799
2465,2723,6964,239
2930,3093,3161
4864,6964,376
3029,3161
5030,1799,4344,3161
1072,2465,1474,5122,1512,4344,5995,1661
@dps-end:
@rep:10
@time:0.91
@trys:280708
@seed:107980007
@dps-begin:
385,6964,2585,5420,6527
6964,200,2585
4098,1799,6527
5603,2646,4247,376
4337,6964,1799
4981,5718,6527
6964,4774,5432
5432,1961,3371,4699
6964,4998,1911,2295,376,1916,445
1105,3506,6964,376
4129,6057,3161,3754,6031
3091,6964,6749
4482,2482,500,4952,2109
2465,691,5109,3161,5149
4998,6839,4203,6527
4337,2482,691,5603,6100,1799
2930,6964,6596,376
2336,6210,6964,2646
6964,6277,2646,4203,6031
6257,6659,691,3161
@dps-end:
