@rep:1
@time:2.29
@trys:581031
@seed:179424673
@dps-begin:
2577,261,6439,3804,6638,3919
9972,9051
111
183
12577,379
9089,2574
6152
6195,5629
5767,847
2763,732
4054,9
10709,6699
3297,3493
1237,6638
10960,8101
10019,6908
7383,4873
6150,7932
6915,7548
7238,4188,10733
@dps-end:
@rep:2
@time:3.501
@trys:833116
@seed:125164703
@dps-begin:
10706,261,8552,5453,6638,3919,6239
8633,7455
11155,12518
183
7634
2641
8550,5949
5238,8410
6152
3362,1911
11415,3836
11778,2039
1472,11156
8852,8734
9844,7705
9710,11742
2035,11354
12214,8814
1464,2329,5390
8734
@dps-end:
@rep:3
@time:3.24
@trys:820501
@seed:132011827
@dps-begin:
261,6439,8552,3804,6638,3919
111
183
7634
9522,5388
11575,7196
5318,11067
4090,10542
6152
8417,12027
4705,6805
4459,12139
9866,7406
1237,3919
11778,814
8599,9289
11046,729
5712,9290
7252,6619
985
@dps-end:
@rep:4
@time:2.53
@trys:656719
@seed:124987441
@dps-begin:
6439,8828,5453,6638
6912,5167
183
7634
6374,6730
1099,10941
4688,2756
6152
6241,5539
1793,7853
5270,9038
6016,1722
9570,2021
347,7327
3537,2021
3824,6549
11991,12332
12418,7610,9579
5348,9270,8311
9570,11725
@dps-end:
@rep:5
@time:2.64
@trys:694389
@seed:123979721
@dps-begin:
6439,3804,8828,6638
10097,1633
183
7634
2148
9184,7655
5941,5949
11450,9626
6152
9032,11450
7779,216
6857,8669
1237,6638
11152,4733
4000,8153
3232,4090
9184,11706
2480,5273,11945
11264
4810,7967
@dps-end:
@rep:6
@time:4.14
@trys:959497
@seed:119777719
@dps-begin:
2577,10706,12390,6439,5453,6638,3919
4933,11901
8120,5885
183
7634
6916,252
9602,9081
6152
4691,957
7069,8959
3505,201
10625,9368
8144,10874
12146,3930
3922,7706
8101,2638
5617,11196
12041,6638
5939,2723
6873,1562
@dps-end:
@rep:7
@time:3.18
@trys:782943
@seed:117705823
@dps-begin:
2577,6439,8330,3804,6638,3919
3234,8402
1842,2211
111
6494
9061,7430
6152
4090,6026
7478,12025
6418,7430
5939,11486
7717,5485
6490,11132
304,9131
7993,2046
7478,5978
5712,3583
12100,4982
9121,1971
@dps-end:
@rep:8
@time:3.56
@trys:833152
@seed:112131119
@dps-begin:
2577,10706,261,5453,6638,3919,6239
111
183
7634
3750,585
1614,4991
6152
3124,9718
10592,8222
5617,734
9184,4271
10569,8347
3866,4829
10595,4743
10019,2062
7982,4414
11264
5976,10318
7328,5894,9711
577,6986
@dps-end:
@rep:9
@time:2.964
@trys:732403
@seed:108626351
@dps-begin:
10706,261,6439,8552,5453,6638,3919
6409,11708,5949
111
183
7634
5885,6286
6152
9205,8478
4337,1317
10019,1320
9308,11918
10597,9159
1237,6638
3297,4871
5203,4873
3362,6295
6638,8734
11778,5085,3919
11392,550,2107
12106,5678
@dps-end:
@rep:10
@time:3.72
@trys:921663
@seed:107980007
@dps-begin:
2577,1171,12390,6439,3804,3919
8402,12319
111
183
7634
6730,4335
6883,867
4465,3829
8417,4205
11395,4991
7564,7149
6317,12078
2953,9755
7351,8029
139,5421
5733,8814
2361,10863
1237,3919
1480,394
8849,4517
@dps-end:
