@rep:1
@time:1.01
@trys:295282
@seed:179424673
@dps-begin:
2465,6964,5432,4952,2585,3161
6964,1799,6527
2465,6964,5109,614,5383,2090,4461
2465,6964,3093
2465,5109,3161,2445
5109,1799,4203,6749,5821
4098,1939,6964,2295
2465,5603,6100,6964
2336,4098,6527
5603,1961,4461,6527
2336,2295,1961,1675,4203,2446
6528,1392,6964,3029,3161,1931
6964,2423,376,3161,5003
3714,6277,3029,1403,1099,6527
6964,4203,4699,5821,6749
6100,2295,5821,6749,2445
6964,4247,2295,6527
6592,4416,6964,1812,1931
5603,1799,3161,249
2482,4098,6964,4710,3161,2090
@dps-end:
@rep:2
@time:0.9
@trys:266590
@seed:125164703
@dps-begin:
2336,3682,6964,4952,3161,6527
6257,2465,3779,4727,6043,5454
385,2743,4203,6527
2465,5665,5603,3779,4731,4972
3216,4098,500,1799,1961,3342
4098,6964,4952,3161
2465,6964,500,3371,4203
3093,2423,3161,3342
2465,2646,3161,1531,4430
5603,6964,3093,4731
2336,3029,3161
2336,4402,3093,6043,6527
376,3161,6527
2336,6964,5286,4697,1931
4098,1186,3779,1923,852,2295,4459
1799,2295,4952,6527
2465,376,3161,249,5166
2482,6964,1799
5154,4247,2295,2743,4952
1154,4247,2743,376,4459,6527
@dps-end:
@rep:3
@time:0.891
@trys:273479
@seed:132011827
@dps-begin:
496,2465,6964,2585,5420,6527
2465,6964,6527
6720,3161,2585,1661,6527
1939,3029,4998,2585
496,2465,2295,1931,5420
2585,1961,6043,6527
2336,306,3029,4008,4203
6964,3029,6982,2646,1931
2465,5603,2585,6043,3868
2336,2465,2585,4203
5665,2465,2585,3754,6527
3506,1799,3161,6527
6964,3093,2423
496,3093,2295,1799
3216,3941,502,3161
4448,4098,6527
4098,3093,4679,727,1931
3029,6150,5432,4203,4430
6964,2585
6964,3161,5420
@dps-end:
@rep:4
@time:1.5
@trys:409289
@seed:124987441
@dps-begin:
2465,4482,6964,3161,2585,6043
496,6964,1799,4203
2336,2001,376,3161,2445
2482,6964,4998,3161
5088,6964,133,3161,460
2482,4998,1799,3161
3216,3161,6399,6527
144,6964,614,1961,1946,6527
4482,3029,4998,6043,2445,4461
6018,3682,2226,5109,4998,4215,376,6527
2465,1939,4344,1931
3216,6964,3161,3754,6527
2646,2423,376,3161,2061
2656,1939,2646,2295,2763,2446
1799,5432,4459,6527
6018,4998,3161,249
3029,4119,5432,2090,2445
4998,2090,1661,6527
2336,2465,3161
6964,6043,460,1661
@dps-end:
@rep:5
@time:0.85
@trys:266160
@seed:123979721
@dps-begin:
5169,4482,6964,4952,2585,6527
4482,500,1799,6527
4482,1923,1014,3161,6043,4459
4000,6517,4952,5432,4937,6749,1358,6527
6964,3029,3161,1085
4482,4203,2125,6527
1939,2743,4952,6264,1931
4482,4952,4315,460,6527
4482,1923,2676,4569,4699,4459
2423,4952,2585,4203
5169,6481,2930,6964
2482,6964,249
6257,1799,4203,1661,6749
6964,4952,4459,4203,2446
3091,6964,3161,6527
5169,2930,6964
5603,6964,1799,1996
1329,5665,6964,2090
6257,1939,2646,6043
4864,4119,5432,6043,6527
@dps-end:
@rep:6
@time:1.28
@trys:373354
@seed:119777719
@dps-begin:
385,6964,2585,5420,6527
3168,1799,3161,6031
6964,4998,6527
2423,4679,4952,2585,4203
5169,6964,1799
4337,2585,460,5166,6527
3714,4952,2585,4459
3168,385,6964,5213
5284,6964,3029,2646
6018,1911,2585,1961
4998,2295,376,6527
4482,2676,6964,5718,2295
6964,376,2125,4430
3168,2465,4482
2465,4482,4952,6043
3168,4482,4952,4430
4482,3161,4203,4430
5169,3161,1931,6043
385,2465,4459,1931
4998,1961,1931,5420,5213
@dps-end:
@rep:7
@time:1.4
@trys:416430
@seed:117705823
@dps-begin:
5169,5603,6964,4952,3161,2445,6527
2336,5169,4098,3779,6964
3168,6964,1799
5603,3161,6527
6257,6659,6964,1673,6527
5169,6964,3687,3161,6527
4386,1939,6980,2423,4430
5603,500,1799
385,6481,6964,4203
6980,6964,645,3608,3161,2763
2930,5603,6964,4679,455
4864,6964,2152,1931,5727
3168,4247,3161,6478
144,2646,4998,4952,1048,1673
2610,3161,6527
385,4998,6527
5169,3161,4697,2445
385,4998,6527
5169,500,4952,1048,1931
6964,3161,3371,4203
@dps-end:
@rep:8
@time:0.88
@trys:273855
@seed:112131119
@dps-begin:
2465,4482,1939,6964,3161,6043
5109,1799,3161,6527
6964,2585,4203
3093,3161,1661,6527
2449,6964,6264,6527
5109,2423,2585,2446
4864,2646,1961,3161,4203
2465,2930,6964,249
1939,6964,4344,4952,4712,6527
1799,2585,1661,6527
2465,6964,614,3161
496,2585,6043,6527
496,6964,5109,1014,3754,6527
144,4337,4482,5603,4517,6527
6210,6964,1931,4203,6527
496,6212,5432,6043
6100,1911,2585,3161
6964,455,1799
3029,2760,249,1673,6749
3216,6964,3029,3093
@dps-end:
@rep:9
@time:1.37
@trys:402118
@seed:108626351
@dps-begin:
385,6964,4952,2585,2445,6527
1154,6964,376,3608,3342
1154,4952,3161,6527
5603,4022,1799,5292
2465,1799,2585,6527
6964,376,249
3574,727,376,4952,3161,5821
3216,385,2616,4203,6527
6720,6964,376,6527
929,5603,6964,133,376
6257,3093,1799,5831
6964,2423,4952,3161,2445,5821
5603,6964,2763,6527
2930,6964,3161
385,1154,6964
2465,5603,6964
5603,2585,1961
1939,727,6527,6031
5603,3161,1661,6031
5056,1329,5603,6980,6485,5109,249,5454
@dps-end:
@rep:10
@time:0.9
@trys:280918
@seed:107980007
@dps-begin:
385,6964,2585,5420,6527
3168,4998,1799,3161
385,2001,2930,6964,6527
4098,2676,3029,2760,2585,5420,5166
6964,5718,4461,6527
417,4022,455,1961,3161,6043,2445
5056,1911,376,5432,2172,4414
6964,3029,2646,6043
6257,2465,6659,3161
5603,6964,1931
385,500,5109,4998,2585
5432,3161,4937,2585
4482,6596,2295,376
727,5383,3161,3754,6527
417,3779,4022,2646,2295,1961,6043,6527
5603,1799,5260,6527
4482,2482,500,6964,4952,2109
4482,6964,2676,455,5166
4482,645,1911,2585
3216,4482,2295,6527
@dps-end:
