@rep:1
@time:3.76
@trys:493973
@seed:179424673
@dps-begin:
11026,821,3148,9167
12481,5542,10856,6876
1602,8741,3977,1035,3148,1709,11886
12417,10548,2086,3148
709,7052,8956,3148
6228,1655,7052,8541
8471,8266,1162,12028
12279,3148,7052,1967
10916,1035,7052
8017,10551,7034,859,11549
289,10548,1702
8596,8133,8471,2731,1564,3182,11886
5140,9652,8741,1639,4215,3148,2399
8017,11026,4793,10363
7586,4596,10548,3014
11552,7586,6470,1098,12236
10193,3620,326,10856
12481,4147,3620,10856
10914,10856,1098,11002,3146,5791
8017,7845,5542,7014
@dps-end:
@rep:2
@time:3.48
@trys:481116
@seed:125164703
@dps-begin:
12010,3148,990,9167
10513,8017,3620,8526
8017,289,10363,7500
9540,152,1513,7052,10749
2467,3977,2731,1564,1471
8324,326,8951,6488,1564
6228,7480,2171,11323,7052
7586,10042,6876
7440,9760,1035,5837
7440,10193,8596,8741,7052
2731,7052,5950
4066,10856,2425,7052
10914,12344,7052
10948,8956,7052,11886,3182
7586,389,3014,3242
7440,2464,1702,10824,2425
1985,1639,9067,7052,1342,3294
7684,3014,8168,2026,10363,3148,1564
7953,5510,3977,4585,8266,7052,2303
8017,6228,7052,8541
@dps-end:
@rep:3
@time:3.39
@trys:455774
@seed:132011827
@dps-begin:
7633,2425,3148,3182
1702,5542,1098
8425,11498,3148,3182
11026,9495,3148,1469
3792,11026,4147,8696,11514,3148
11888,3014,1098,5837,6606
7586,11890,326,423,12287
8017,9795,8324,9167
343,1162,10363,6876
5542,4793,2217,2425
3248,10193,10856,12010
11888,8017,9540,4361,3182
885,11381,8266
7586,8133,12602,3242
11890,2467,8956,8541
1639,1162,1564,8413
4944,3240,11817,1098,3148
8017,10324,6876,3182
11684,2425,1162,859,10363
8017,9393,3014,10824,3182,5839
@dps-end:
@rep:4
@time:3.63
@trys:480894
@seed:124987441
@dps-begin:
7633,2425,3148,3182
5542,12312,1162,10684,207
6994,885,7014,8541
6228,709,1271,3242,1162
4147,3221,859,3148,12447
3684,4314,1098,2731,6332
8017,9138,1162
3248,4793,7052
8324,3684,3977,1098
7507,1639,11820,3182
12146,7586,1673,3148,990,6623
10513,289,11026,4663,11323,6876
12002,1035,6876
1702,7498,7052
7044,12010,1035,11820,3148,7052
833,9539,10970,1035,7052
3008,8017,709,7052
10432,11026,10583,1564,7565,5839
10916,1035,7052,4605
11673,10778,3148,7052
@dps-end:
@rep:5
@time:3.401
@trys:455998
@seed:123979721
@dps-begin:
1639,3148,9167,5839
7586,12312,859,1564,3148,3821
8017,3620,3014,7208,1564
6632,4793,7052
12386,4596,8572,7052
10856,7052,6876,5695
5520,11026,7032,1564,11886
3014,9495,11498,859,2731
11026,9381,4361,2425,2026,7052
11498,3148,7052,5695
8324,2731,620,7052
8017,10470,859,1564,3182
885,5003,6876,1564,5837
7044,7052,3148,1564
4066,2731,5132,1564
1602,981,10283,7052
10916,10548,7052
2080,709,8376,5418,1564,7052
10121,1098,11820,1564,3148
4147,1098,859,7052
@dps-end:
@rep:6
@time:3.49
@trys:455730
@seed:119777719
@dps-begin:
5606,2425,3148,3182
8275,1702,2731,1564
10432,2425,3146,1564
3620,10324,5542,4471,12264,8425
8481,2425,10363,3148
10324,11684,2425,3148,10239
11026,8741,5510,297,3148
3504,5143,1098,3148
3248,7586,8275,8682,10363,3148
8017,7845,1564,6572,11900
8017,4657,1094,7032,3148,1564
1685,885,2425,3148
8017,11026,2163,2249,1035,10363
9393,8017,10856,5837
4147,10548,9381,1564,3182
11026,5542,1158,12602,1564,11886
8017,10769,11026,3620,709
7586,307,12179,9067,859,3148
8017,7953,10914,2452,10856
6886,1162,7052
@dps-end:
@rep:7
@time:3.62
@trys:481102
@seed:117705823
@dps-begin:
8200,2425,3148,3182
9313,12146,2731,3148,3182
7586,7572,1702,6615
7586,8584,2425,1564
10661,1098,7052
1237,10856,5818,1162,4013,3182
4793,7052,6876
5542,1162,2171,6876
4793,2425,859,5132
12002,3620,10856,3148,7052
386,5621,3014,1158,3242,12575
3684,2425,3242,3148,6047
12146,8370,10363,3148
7572,3014,11611,5003,6876,7052
7586,3428,3014,5542,1162,10333
1554,5542,793,1162,10159
11381,3014,2086,3977,2425,1098
2452,821,3014,2104,8541
5109,3977,1162,859,11820,1183
289,3014,40,3148,3182,495
@dps-end:
@rep:8
@time:3.501
@trys:468161
@seed:112131119
@dps-begin:
2425,3148,990,9167
9412,11173,7014,3148,5484,5837
3792,4869,1078,6584,3148,7052
10916,3242,1035,3182
10324,2425,5818,8541
1424,7746,3014,12490,3148
3014,2425,427
289,4596,3014,5606,5231
8324,5510,7052
8261,10856,12312,3242,7052,8526,3695
6933,9495,3148,7052,5837
10914,5606,8471,7052,7327
9393,3483,1035,7052
1098,7052,3148,6623
8584,2425,3148,7052,1293
3712,5378,3014,2425,3148,5837
7498,7052,3148,1469
7860,4708,1639,3148
3014,6892,3148,2399
7633,1123,3014,2425,3977
@dps-end:
@rep:9
@time:3.38
@trys:455858
@seed:108626351
@dps-begin:
7633,3148,3182,9167
5510,4793,7052
10513,8017,12481,7122,12013
3014,1702,12010,7052
8324,326,9495,8266
4066,2425,3929,1564
12112,5140,9384,3148,8541
3792,5745,3684,3182,5839
12002,5542,2731,3148,1469
8017,10916,3148,6332
8706,11684,3148,5837
7233,7586,10324,2425,12010,3148,3182
2467,8741,6709,5510,1564,8526
12112,1554,5542,11673,8266,1564
6933,10856,12312,3977
11026,7507,5542
4596,3242,2731,3309
12066,3946,3242,1035,859
3200,5510,10363,4013,3182
6876,7052,9596,6332,3309
@dps-end:
@rep:10
@time:3.62
@trys:481033
@seed:107980007
@dps-begin:
7633,2425,3148,3182
4147,709,10363,11886
9504,5542,10856,1162
2425,8266,5950
10548,5606,6632,2731,6876
11684,10856,5818,1564,11886,3182
7633,9384,3148,11197,11613,3182
7520,12002,11026,709,4793
709,5542,2425,9599
8112,6228,7052,3727
9760,2355,6228,4585,7052
6228,8584,5837
2355,11044,3977,1564
3792,7138,1639,2026
8370,2026,1035,7052
8017,7954,9412,1702,7052
833,8017,7052,6876,4031
6769,8324,3148,7052
7648,10548,6228,3148
9540,5621,709,1639,3592,1098,7052
@dps-end:
