@rep:1
@time:0.95
@trys:452034
@seed:179424673
@dps-begin:
4785,150,4938,1499,6764
6416,2923,3099,1499
1056,1499,1116
4938,1499,6588
6416,3099,2923,3211
873,2137,1499
4790,1499
2838,822,2439,7064
2635,1499
6416,2838,1116
6768,1556,2838
5812,1499,6718
2114,873,1499
2114,150,6207
2224,1499
1499,3262,6718
2838,2439,6200,1499
2889,3801,1499
1499,5885
896,2838,6588
@dps-end:
@rep:2
@time:1.29
@trys:587793
@seed:125164703
@dps-begin:
4785,150,1499,6764
896,629,6533,1499
1499,1116,2974
66,5031,6329,1499
1670,1499,5599
2838,4790,1499,6764,6636,2974
150,1499
1056,822,5402,1499
6657,7064,1499
1499,5885,2974
6533,2838,822,4376
4790,6953,1499,4911
1056,5961,1499
822,2137,1499
822,5031,6329
1499,6718,2543
1378,5031,7064,2233
629,7064,1499,4187,6911
5840,276
2224,1670,1499
@dps-end:
@rep:3
@time:1.35
@trys:623156
@seed:132011827
@dps-begin:
4785,2838,150,1499
1056,150,1499,2204
2486,1499,6718
1499,3099,1308
6533,822,1499,1308
6290,1499,6718
3736,1499,3099
150,1499,2923,5471
2224,164,1499
2923,1499,5885
145,2838,822,1499
7064,6088,1499,1116
629,2838,150,3099,2974
6329,1499,2635
2114,164,1499
6533,629,2233,1499
6200,2923,1499
2224,6329,1499
629,822,2838,3099,2974
5961,1308
@dps-end:
@rep:4
@time:1.57
@trys:687423
@seed:124987441
@dps-begin:
4785,150,4938,1499,6764
6416,2923,1499,5135
3801,1499,1116
4938,1499,6588
2137,1499,5631
1378,822,1499,1308
629,7064,6718
5812,1499,6718
2838,822,7064,1499,1775
2424,2635,1499
6416,2838,4938
822,6329,1499
2224,1378,1499
1499,2828,6236
2752,6416,2204,189
1499,5885
2114,1499,5631
1499,6718,1775
7064,2204,6718
1361,629,6207
@dps-end:
@rep:5
@time:1.42
@trys:637975
@seed:123979721
@dps-begin:
4785,2838,150,1499
1499,1116,2543
822,1499,2974,5599
6416,629,1499,5135
896,1499,6588,4942
896,629,1499,1308
2393,1499,940,2335
6416,822,4790,1499,2335
2224,822,1499
1911,6953,1499
4790,1499,5885
6329,2635,1499
6416,1361,629,1499
4790,1499,6588,2204
4790,2137,2393,1499
936,1499,1308,2204,6718
822,1670,2838
1361,6879,6207
1524,1499,4942
629,1499,92
@dps-end:
@rep:6
@time:1.86
@trys:844123
@seed:119777719
@dps-begin:
3240,3130,4938,1499,2335
1056,4790,1499,3099
6416,1499,1116
822,1499,2974,5599
6533,1499,1116,6718
1056,1499,2204
6416,822,2838,1499,5599
1499,2635
3099,1499,6718
6533,2838,822,4376
629,2838,7064,92
6416,2114,2393,1499
2224,822,1499,2974
896,6533,2838,3211,2974
6416,1378,2838,150
896,1378,150,6088,6207
6953,1499
2224,1056,1499
2165,1499,3532,493
5961,1499
@dps-end:
@rep:7
@time:1.0
@trys:466098
@seed:117705823
@dps-begin:
4785,150,4938,1499,6764
896,4790,3099,1499
6416,2838,1499,1116
5402,2923,1499
1361,1499
6533,6329,1499
5252,1670,5402,1499
1499,2923,5885
5961,1499,6764
6533,1499,5885
4790,312,1499
1499,2923
6329,1499,2204
5961,1499
6768,2204
312,1499
2490,2635,1499
2137,1499,2923
3281,1499,2204,6718
2114,6290,2838,7064
@dps-end:
@rep:8
@time:1.55
@trys:723225
@seed:112131119
@dps-begin:
4785,150,1499,6764
6533,1499,3964,1116
150,2838,5624,1499
822,6329,3801,1499
2165,3801,4314,1499
2393,1499,6764,6588
5812,1499,4187,5135
2137,873,1499
2393,1499,6718
2838,5031,1499,5599
2635,1499
2838,2137,873
2165,1499,5885
1378,1499,4143
4790,6329,1499
873,1499,6718
6533,2838,822
6533,4376,1499
2393,1499,5599
2165,4790,1499,4239
@dps-end:
@rep:9
@time:1.2
@trys:537654
@seed:108626351
@dps-begin:
4785,150,4938,1499,6764
6416,1499,5135
4790,4938,1499,6718
690,6533,6329,1499
6533,2838,7064
2838,2137
1499,2635
6290,2114,1499
2838,7064,1499,3099
1056,4790,1499,6588
6768,4938,1499
1056,6953,1499
4133,7064,1499,1116
690,2838,6329,1499
1361,1075,1499
6533,1499,5885
6194,2838,1499
4790,6329,1499
7064,1499,6588
1499,6575,2335
@dps-end:
@rep:10
@time:1.42
@trys:629984
@seed:107980007
@dps-begin:
4785,150,4938,1499,6764
896,6806,1499
6533,1499,1116
2838,2137,4938
6416,690,1499,6764,1742
6533,2838,1499,5599
1499,1116
7064,1499,5135
2923,1499,6718
1361,1499
6416,5530,1499,2204
6533,1499,5885
6533,2838,822
2114,6290,6207
2224,1499
6915,822,7064,2923
6416,2838,1499,4591
5812,822,2424,1499
2283,2923,1499,4911
6200,1499,6718
@dps-end:
