@rep:1
@time:0.19
@trys:102635
@seed:179424673
@dps-begin:
1985,1354
435,430
1733,1258
2003,1836
372,1213
2246,1422
864,1985
353,562
2305,239
588,366
562,1450
2054,731,1758
2054,793,1341
1985,2026
1985,2054,681
98,1354
1815,987
416,2128
2145,2054
608,372
@dps-end:
@rep:2
@time:0.17
@trys:93280
@seed:125164703
@dps-begin:
1985,2054
372,1422
386,1735
1670,1095
1733,239
562,731
1985,1019
87,239
1346,388,1354
1985,546,1244
2119,1735
2135,1354,239
1985,1285
178,1291
2119,1354
2148,1735,1354
353,1670
1013,239
1667,1341
1206,1735,239
@dps-end:
@rep:3
@time:0.19
@trys:100218
@seed:132011827
@dps-begin:
1985,2054
136,1836
182,1670
1985,380
1735,2119
562,731
1985,2026
1258,1999
1735,1560,588
1985,1122,1341
1985,391,1258
663,588
562,362
178,1291
248,1258
2035,1735
1985,931
1670,938
200,366
372,430
@dps-end:
@rep:4
@time:0.19
@trys:100189
@seed:124987441
@dps-begin:
1985,2054
626,239
562,1630
2006,1354
562,1991,987
2054,2119
372,1670
2054,1548
1733,182
1985,1244,1951
663,588
1836,1422
1985,1735,588,60
1985,900,1951
562,575
1395,435
1177,1422
1670,2187
864,1354
972,239
@dps-end:
@rep:5
@time:0.2
@trys:104704
@seed:123979721
@dps-begin:
1985,2054
562,982
1341,2109
1354,1019
1733,239
2054,1548
2006,2054
1718,239
1354,1643
1670,1422
1735,2119
1354,1999
200,1354,1951
1985,785
136,1836
1985,388,1836
273,562
2054,2170
2098,2054,1291
2246,746,1404
@dps-end:
@rep:6
@time:0.18
@trys:93218
@seed:119777719
@dps-begin:
1985,1735
507,1422
1733,1258
1632,588,1823
1319,731,1951
2128,1836
1670,1422
1354,1901
353,239
1681,1258,1951
2054,1543
2128,1985,2109
1985,2026
372,587
1815,987
1492,1991
1681,1063
1735,588,1965
1954,767
1098,2109
@dps-end:
@rep:7
@time:0.18
@trys:95589
@seed:117705823
@dps-begin:
1985,2054
562,575
2003,1836
2246,1422
562,100
1733,1258
2003,1354,731
1354,1999
2224,239
588,303,239
562,927
1632,1985,148
98,588
1715,1098
1632,1815
2119,1354
421,1354
1046,239
1507,239
562,46
@dps-end:
@rep:8
@time:0.2
@trys:109357
@seed:112131119
@dps-begin:
1985,1735
562,424
248,239
1605,1422
566,1354,767
1733,182
353,239
864,1985
2054,2119
200,1836
786,392,1354
1715,1098
1815,1127
1735,46
1985,1864
2128,416
1354,430,1951
562,188
1153,1354
905,1354
@dps-end:
@rep:9
@time:0.2
@trys:107187
@seed:108626351
@dps-begin:
1985,1735
1985,1224
2003,1836
1266,562
1390,239
588,366
372,1670
2117,1231
1424,239
296,1354,654
178,296
1098,236
994,1258,239
2295,239
2054,1080,255
2054,2119
1985,2217
421,2054,1354
1105,2054
2054,348
@dps-end:
@rep:10
@time:0.2
@trys:104937
@seed:107980007
@dps-begin:
1985,2054
178,1422
2054,2119
2305,239
2035,1991,1354
663,1735,1354
1140,1733
1670,1335
562,100
1341,1678
1985,1670,1912
1985,562,1670,857,1354
1735,392,731
1735,1992,239
1346,1341
1985,1742
1712,239
421,1735
1632,1836
1354,301
@dps-end:
