@rep:1
@time:2.341
@trys:503723
@seed:179424673
@dps-begin:
4214,6102,2247,4360,4137,3322,3660,4829
5188,4214,4137,218,2587,1564
160,2021,7031,2184,218,4318
2193,5188,4214,2184,1306
4214,7100,4829
6102,4441,218
4214,4360,4829
4137,218,3660,1564,4829
2021,6102,2247,3660,6255
2193,6102,218,2587,3660
6102,2184,4441,6255
1462,4214,6102,172,3660,1999
6102,2184,4441,6255
2247,4137,5402,4076,3660,4829
1777,6102,2247,4360,1306
1462,2247,4441,218,3660
2021,6102,4214,4409,4137
6102,4360,5244,3660,4829
2193,2021,4214,2266,6255
160,2193,5362,2021,3895,218,5244
@dps-end:
@rep:2
@time:2.3
@trys:504037
@seed:125164703
@dps-begin:
4214,6102,2247,4360,4137,3660,4829,4207
6386,5188,6102,4360,218
4214,1084,4829,6255
2193,4214,7100
5188,4214,4441,6255
2036,4214,440,218,4875,4829
6102,4360,4441
4214,4360,1289
4441,4137,218,3660
2021,6102,4214,4137
4441,1289,4137,218
6102,4360,5001,3660
6102,4441,1289,3821,4142
2562,6243,6102,2247,4360,4829,4142
1289,218,5468,3660,1020
2247,218,3660,3148,909,6031
4546,6243,5721,1289,4137,3660
3045,2247,5721,4441,6939,4829
6243,4360,5721,3660,4829
3045,2247,5721,4137,6255
@dps-end:
@rep:3
@time:2.28
@trys:489789
@seed:132011827
@dps-begin:
2021,4214,2247,2184,4360,4441,1084,5807
2210,6102,4137,218
1620,4214,1462,2184,4441,218
5188,4214,1084,4829
1185,2450,2021,4441,1306,1084,6031
6993,1185,2210,4484,5188,6102,4441
4214,2247,5807,6255
4214,218,4829,5807
4214,4360,1738,572
4484,4214,5402,1084,4829
4214,6102,4137,1738,525
4360,1209,1738,218,6939,4829
2210,4214,2247,2184,4441,4829
2036,2247,1738,1306,3821,5807
1280,2210,4484,1738,218,4829
6993,1620,4214,4441,1306,6939
3895,2119,2184,1738,572,2541,2287
4214,7100
4360,4441,1738,4829
6993,4356,6102,1462,2491,6939,572,4829,5807
@dps-end:
@rep:4
@time:2.21
@trys:496983
@seed:124987441
@dps-begin:
4214,2247,2184,4360,1289,4441,1084
6102,4744,4441,218,6222,6255
5188,4214,4137,4441
2036,7100,6255
4214,4120,2266,4619,1084,542
4214,4360,1289
4214,1289,1084,4318
1777,2247,4137,1289,218
2036,6102,1289,3660,6255
4214,2184,218,6255
2036,2247,4137,3660,3821
6102,2247,1207,4137,3660,1084
1289,4441,3660,1020,3821
1185,2247,4441,393,3660,1020,4318
1289,218,3660,1084,1229,5983
5188,6102,4137,6378
1777,5236,4214,4137,6255
1185,4360,4441,3660,1229
2184,4120,1289,218,542
1777,5236,218,6255
@dps-end:
@rep:5
@time:2.17
@trys:489750
@seed:123979721
@dps-begin:
4214,2247,4360,4441,3660,4829,5807
4214,4441,4137,6255,5807
4214,1081,7100
4120,3660,4829,6255,2895
2210,4214,393,2266,1084
1650,2210,5188,4214,2247,4360,1564
2247,4137,218,1084
2247,4441,4829,4318,5807,2895
2184,4360,4072,5721,5807
1636,3286,2247,4360,5721,2587,1564,1084,5295
4214,218,1084,3660
4360,4137,4829,4142,5807
5721,1081,4441,218,4829
218,6602,1084,3660,1037,4829
1972,4137,3131,3660,4829,4318,5807
4214,2247,6602,3131,1084,4829
2247,4360,5721,4137,3660
1185,4214,3286,2247,6602,7099,956
291,2247,218,3660,4829
2247,4120,393,4441,3131,3660,1084
@dps-end:
@rep:6
@time:2.2
@trys:482541
@seed:119777719
@dps-begin:
4214,6102,2247,4360,2184,4441,5807
4214,4360,3997,4829
1217,4360,4441,6255,2895,5807
5188,4214,1084,6255
5188,4214,4360,4137
2450,4214,6102,6255
6102,2184,218,2895
2021,6102,4214,4137
1777,1217,4360,2184,5807
5044,4214,6102,4829,5807
1217,2210,6102,2247,2119,2184,4829
2210,2021,4214,2247,4441
6353,2021,2247,218,4829
2753,1462,2247,2184,4360,4441
1777,657,4484,3013,2119,2266,876,6255
1217,5044,4484,4214,2247,5807
6353,5236,4360,2184,218,5807
5188,2119,4441,4829
1777,5188,6744,4360,4829
2210,2450,4360,1084,5807
@dps-end:
@rep:7
@time:2.21
@trys:496330
@seed:117705823
@dps-begin:
2003,4214,6102,4360,4137,3660,4829
5188,4214,1084,4188,1020,6255
4214,6102,4360,4441
5188,4214,4318,6255
1185,5921,3988,3381,6102,1462,2184,6255
4214,7100,4318
1185,5782,218,3660,4829
2003,4360,4441,218,1386,5983
1953,725,4360,4137,218,6331,3660,4141
4360,4137,1306,3067,3660,4188,4829
2003,6102,4137,2074,3660,4318
4214,4137,1289,3660
2193,3381,1289,4441,218,4590
1953,5921,2802,4214,3660,4829,2398
1953,2210,2003,4441,3660,1020
1185,356,6582,406,3895,5752,1289,1084
4214,218,1386,1084
4214,4137,4188,4829
2802,2003,3381,4137,1289,4188,4829
5236,4214,1084,6255
@dps-end:
@rep:8
@time:1.62
@trys:368379
@seed:112131119
@dps-begin:
2003,4214,2184,4360,1289,4137,4829
160,5188,2036,6102,4214,6378,4829
1777,3076,1876,581,3660,4829,6255
2193,4214,7100
5188,4360,1084,4318,6255
4214,2266,1084,6255
4214,4360,1084
4214,4137,3660,2287
1185,1876,1289,4137,3660
2021,6102,218,3660
6102,4214,1289,4137
6102,4214,1289,4137
1777,2951,4360,1289,5721,4137,475
4360,1289,4137,1020,4829
1777,2003,5302,5721,4137,4829
1777,2003,5302,5721,4137,4829
384,1185,4696,1289,218,475,4829
1185,1289,5721,1020,6255,2287
2003,6102,2951,2184,1289,1084,4829,2287
2193,2003,2021,4214,2184,5721,2287,3231
@dps-end:
@rep:9
@time:1.92
@trys:432583
@seed:108626351
@dps-begin:
4214,6102,2247,4360,4137,3660,4829,6255
5188,4214,312,4441,218,572
6102,2247,4360,4441
4214,4360,4829
2193,4360,3660,5807
4214,6102,2247,218
1414,4137,218,3660,4829
4214,4441,1084,3660
2184,4441,5721,1084
2119,2184,4360,1084,5807
4214,4137,572,2287,5807
1777,2119,312,4829,5807
1777,3382,2119,4829,2126,6255
369,1777,4214,3224,4137,572,2287,5807
2184,218,1547,4829,5807
1217,1777,1414,2184,5721,5807
5721,4829,4877,1999,2287,5807
1620,2247,2184,4137,475,3660,4829
4214,2247,5721,3660,4829
6102,4441,475,3660,4829,1999
@dps-end:
@rep:10
@time:2.44
@trys:539342
@seed:107980007
@dps-begin:
2804,6102,4214,2247,4360,4137,3660,4829
6914,5188,1876,6102,4214,1306,6255
4214,4360,1084,6255
6102,2184,440,4441,218
4214,4188,7100
6102,4137,3660,6255
6102,4214,4360
2247,4360,4137,4441,4829
2247,4360,4441,3660,2287
4214,2184,4137,4829
4214,2184,4441,1306,6222
2210,4137,3660,4829,4318
1876,4214,6102,2247,2184,2287
5188,4214,6102,1084
2247,3415,4360,2184,3660,1084
6102,1084,3660,4829,2287,1983
2193,5188,4137,2287
3425,1876,1462,218,4875,3660,4829
3425,2193,1107,3895,909,6255
1185,6102,2247,2184,2202,3660,3759
@dps-end:
