@rep:1
@time:7.35
@trys:1518759
@seed:179424673
@dps-begin:
8771,9014,8438,3835,2060,4636,3679,7823
8737,3336,4636,13388
15201,8737,9014,3679
9014,18104,4636
13920,5105,3256,4825,3679
13592,13388
8737,306,9014
8737,15201
1842,1751,16254
18104,7882,14139
8438,16807,4825
2060,14367
219,2060
6657,1751,3256,3679
18804,8110
5105,4773
8737,13471
20645,4636
8737,4385
5601
@dps-end:
@rep:2
@time:10.65
@trys:2054095
@seed:125164703
@dps-begin:
19696,18368,8771,8438,5302,9014,4775,4825,2060,7823
8737,9014,3336,4636
9014,18104,4636
15201,8737,7882
1842,13592
8737,306,9014,4636
13920,9014,4825
21216,1842,16254,7823
8737,9014,1418,4636
13592
8438,16807,4825
5593,14367
8080,219
8080,18104
4385,4775,13388,4636
8737,6657,13586
8080,5593,8110
10389,9014,4825
13586,12888
7882,13471
@dps-end:
@rep:3
@time:8.731
@trys:1764358
@seed:132011827
@dps-begin:
6257,1842,9014,8438,4825,2060,13388,19901,3679,7823
8737,3336,4636,13388
9014,18104,4636
15201,8737,9014
1842,13592
306,21587,4775
8737,2148,4775,16254
9014,4825,1418
13920,9014,3679
13592
18104,2060
8438,16807,4825
21587,14367
13722,219
6657,1842,2148,1751,13388,3679
1841,219
8737,1842,8110
4773,5726
12888,4825
9014,17213
@dps-end:
@rep:4
@time:6.8
@trys:1429703
@seed:124987441
@dps-begin:
8080,6257,8438,9014,4825,13388,2060,7823,3679
8737,3336,7882,4636
15201,8737,7882,3679
9014,18104,4636
1842,13592
8737,1842,306,4636
13920,9014,4825
9014,4825,1418
8737,9010,2148,4636,13388,16254,7823
13592
8438,16807,4825
14367,7823
219,7823
18104,14139
8737,6657,3256,3679
11760,8080,8771,4636
8080,8771,8110
4773,3694
16807
9010,12888
@dps-end:
@rep:5
@time:6.26
@trys:1362970
@seed:123979721
@dps-begin:
1842,8438,9014,4775,4825,2060,3679,7823
8737,3336,4636,13388
15201,8737,7882,3679
9014,18104,4636
13920,5105,4825,3679
8737,1842,306,4636
15201,1842,1751
13592,13388
9014,4825,1418
8737,1842,16254,7823
8438,16807,4825
4773,12233
7882,14367
6657,8737,9014,3679
18104,4825
1842,2060,8110
219,3694
4636,13471
5601
12769
@dps-end:
@rep:6
@time:9.96
@trys:1964699
@seed:119777719
@dps-begin:
8080,19696,6257,8438,9014,4825,13388,2060,19901,7823
8737,9014,3336
8438,9014,18104,4825
8737,15201,9014
1842,13592
13920,4825,8814
9014,4825,1418
8737,306,9014
13592
1842,19901,16254,7823
8438,16807,4825
8771,14367
219,7823
8080,18104
6657,8438,3256
8737,6538,13471
7882,2060,8110
4773,3694
10389,9014,4825
2060,19901,13901
@dps-end:
@rep:7
@time:8.911
@trys:1764323
@seed:117705823
@dps-begin:
6257,9014,8438,4775,9897,4825,2060,3679,7823
8737,9014,3336,4636
8737,15201,9014,1751,9897
9014,18104,4636
13920,5105,4825,3679
15201,1751,17625
13592,5340
306,17625,1775
9014,4825,1418
1842,1751,16254
16807,9897,1775
6657,8771,1751,9897,2060,3679
5593,14367
8737,13471
16384,4773
12229,219
1842,12888,2060
8771,9014,8110
8737,10389,4825
5105,18104
@dps-end:
@rep:8
@time:8.91
@trys:1786582
@seed:112131119
@dps-begin:
6257,1842,8438,9014,4825,2060,13388,7823,3679
21650,3336,18731,4636
15201,8737,18731,3679
8662,9014,18104,4825,13388
13920,9014,4825,3679
15201,21650,18731
13592,5340
8737,306,9014
8737,1842,16254,7823
9014,4825,1418
8438,16807,4825
12233,14367
8771,219
8080,18104
8737,6657,9014
4773,3694
8737,13471
8080,2060,8110
10389,4825,5340
9014,13471
@dps-end:
@rep:9
@time:10.26
@trys:1964611
@seed:108626351
@dps-begin:
19696,6257,8438,9014,4775,4825,9897,2060,7823
8737,9014,3336,4636
9014,18104,4636
15201,8438,9897,7882
1842,13592
2148,4775,5804,16254
13920,4825,5804
8737,306,5804
9014,4825,1418
13592
18104,2060
8438,16807,9897
8771,14367
6657,8737,9014,9897
1841,219
4773,3694
10389,8438,4825
12888,13722,7882
1842,8771,8110
16113,2148,9897
@dps-end:
@rep:10
@time:12.842
@trys:2388686
@seed:107980007
@dps-begin:
19696,6257,9014,8438,4775,4825,9897,2060,7823
8737,9014,3336,4636
9014,18104,4636
15201,8737,9014
8737,1751,7882,5804,16254
13920,4825,5804
8737,306,4775
9014,13592
9014,4825,1418
15201,7882
8438,16807,9897
7823,14367
13722,219
18104,14139
16113,8737,4825,13388
6657,9014,1751,9897
19696,13722,6139,2060,13901
9014,4825,8110
8737,13471
9897,12073,2060
@dps-end:
