@rep:1
@time:5.93
@trys:1294121
@seed:179424673
@dps-begin:
8771,9014,8438,3835,2060,4636,3679,7823
20213,3336
5601,16458
13592,1514
2913,20671
1838
4676,20056
11802,13471
20056,9263
1185
10707,8123
8786,21128
20188
5907,4292
18068,10556
4500
@dps-end:
@rep:2
@time:4.61
@trys:1093508
@seed:125164703
@dps-begin:
1842,9014,8438,4775,4825,2060,7823
3663
12769,12940
17658,219
2913,19182
3963
75,9727
15253,9263
14465
4642,14379
21842,4094
10225,20033
4360,18333
19269,14892
16421,11195
13661,20957
7188
@dps-end:
@rep:3
@time:7.684
@trys:1584091
@seed:132011827
@dps-begin:
6257,1842,9014,8438,4825,2060,13388,19901,3679,7823
217
12769,14714
5601,15618
2913,4686
1838
20374,9263
6981
14978,15882
13090,2438,2139
5219,10207
20821,10844
15920,12888
4447
5314
21600,11754
@dps-end:
@rep:4
@time:5.76
@trys:1249629
@seed:124987441
@dps-begin:
8080,6257,8438,9014,4825,13388,2060,7823,3679
217
12769,7204
5601,8771
7098,9263
1838
2913,491
19681,15522
18939,9551
9483,2060
7442,12888
5219,666
4447
20188
9483,15405
15316,17610
4500
@dps-end:
@rep:5
@time:4.96
@trys:1138558
@seed:123979721
@dps-begin:
1842,8438,9014,4775,4825,2060,3679,7823
1842,13592
3160,14367
3963
4837,11082
18932
14465,4825
6981,16698
13441,21294
194,3679,5887
14465
19365,6730
2418,11407
3485,7663
236,2638
14149,20807
16948,10815
12624,8352
7188
@dps-end:
@rep:6
@time:8.691
@trys:1740240
@seed:119777719
@dps-begin:
8080,19696,6257,8438,9014,4825,13388,2060,19901,7823
3663
12769,15806
5601,21365
15522
18932
4986,4493
18482,20908
16570,3147
2723
596,17213
1543,16191
514,9894
13989,6854
20416,354
2949,9879
14149,18986
@dps-end:
@rep:7
@time:7.8
@trys:1606648
@seed:117705823
@dps-begin:
6257,9014,8438,4775,9897,4825,2060,3679,7823
8737,20213
13592,19948
3963
4808,5390
4837,10298
16121,9263
13441
562,4676
306,9848
14806
17204,5846
3046,19899
5344,5812
18917,11241
7984,17313,6354
7847,18798
20625,3501
15104,19365
13871
@dps-end:
@rep:8
@time:7.91
@trys:1628905
@seed:112131119
@dps-begin:
6257,1842,8438,9014,4825,2060,13388,7823,3679
219
16256,9014,13592
2913,18821
3963
14227,4808
18932
13441
6981
1072,13090
14149,21606
16260,13157
4612,4730
14149,220
21778,9067
2451,3959
13157,5164
15617,3501
7188
@dps-end:
@rep:9
@time:8.78
@trys:1740214
@seed:108626351
@dps-begin:
19696,6257,8438,9014,4775,4825,9897,2060,7823
8737,20213
12769,6009
5601,13722
306,6860
18932
13249,3963
13441
6009,3147
6981
4157,9551
217,18060
13090,5241
18673,18716
12624,3758
4500
@dps-end:
@rep:10
@time:7.74
@trys:1584150
@seed:107980007
@dps-begin:
6257,8771,8438,9014,4825,13388,2060,7823,3679
3663
12769,17108
2913,17108
1838
5601,15082
2060,5900
9976
5900,12974
13090,19676
14631,3549
5219,17326
4447
16768,403
21511,3501
4492,5407
14149,17432
4500
@dps-end:
