@rep:1
@time:1.78
@trys:531271
@seed:179424673
@dps-begin:
5608,2137,4602,6364,3757,3710,1454
2998,1401,4602,4875,6364,3757,6286
2336,2998,1401,2137,4602,6364,3757
2336,2998,3752,2137,1401,4602,1579,3757
2336,6672,2673,2998,2137,4602,539,6364,5295
6672,2336,3543,3752,4602,6364,3757
544,116,2998,2137,4602,6364
5608,2137,4602,6364,3757,4959
4611,6692,1013,6968,2137,4602,2476,3757,5454
6692,1013,3752,4602,2092,6364,3757,1454
2998,2137,4602,539,6364,3757,3407
2673,2998,4602,4875,3757,1454
116,1686,2998,4602,6364,6286
2336,544,2998,1686,4602,539,6364,1454
2998,2137,4602,6364,3757
4602,2476,6364,3710,2671
6672,4291,4602,2476,2671
116,1013,6364,2476,6286,2671
2673,2998,1686,1401,2137,4602,6286
2673,116,3752,1401,6364,3757,6286
@dps-end:
@rep:2
@time:1.5
@trys:467422
@seed:125164703
@dps-begin:
6672,448,116,5608,2137,6364,3710
2112,116,2998,4602,6364,2671
2998,4602,6364,3757,1454,6286
6692,5845,2998,2137,4602,6364,6286
933,5608,4602,3757,3710,1454
6672,5608,4602,4698,3757,1454
5608,1401,6364,3757,6286
5845,2998,2137,4602,6364,3407
116,2998,1401,4602,3757,6286
6672,448,116,4726,3752,4602,1454
2998,3752,4602,6364,1454,3407
6672,4726,5608,3752,3710
1401,4602,4698,3757,6286,3407
2112,448,5185,116,2998,6286,2671
2112,1366,4602,6364,3757
448,2998,4602,6364,6286,3407
5185,5608,2137,6364,3710
2137,1401,4602,6364,3757,3710
448,116,3752,4602,6364,6286
2998,4602,1454,6286,3407
@dps-end:
@rep:3
@time:3.82
@trys:1038151
@seed:132011827
@dps-begin:
2336,448,6452,116,2998,4602,6364,2092,1454
1300,6452,5608,4602,6364,1454
6452,5845,3752,6456,4602,6364,2092
6452,2998,1401,4602,2092,3407
6452,5845,2998,1401,6074,4602,2092
6452,2998,2137,1401,4602,3407
2336,6452,2998,6456,2137,4602,6074,2092,6364
2336,6452,5845,2998,6456,2137,6364,5999
2112,116,2998,4602,6364,2671
3543,3752,4602,3757,1454,5999
2998,5608,6456,2137,6364,3757,5999
2336,3059,2998,4602,2092,6364,3757,5999
6452,2998,3672,3752,4602,1454,3407
5845,2998,5608,6456,2137,4602,6364,1454
6452,2998,2137,1401,4602,2092
3752,1401,4602,1579,2092,3757,5999
4611,6452,1013,6456,2092
4611,6452,1013,2137,1401,4602
2112,448,5185,116,6452,2998,2671
6452,1013,5845,3752,4602,6074,2092
@dps-end:
@rep:4
@time:2.0
@trys:581717
@seed:124987441
@dps-begin:
2673,6452,3752,4602,4698,6364,2092,1454
2673,6452,3752,1401,2137,4698,4602
448,6452,116,2998,3752,2137,4602,2092,6364
2673,1332,3752,4698,4602,6364,6286,5999
6452,1013,3752,1401,4602,2092,6364,2476
2112,6452,1013,3543,4602,2476
2112,2673,6452,2137,1401,4602,4698,3951
448,116,6452,3799,6364,2476,2671
448,6452,933,2998,4602,6364,6286,1454
6452,5608,6364,3757,4959,5999
2673,116,3752,2137,4602,2092,6364,1454,2623
2370,4602,1579,6364,1454,2623
448,6452,116,2998,3752,1720,2137,4602,6364,3951
116,5608,1401,4602,3710
448,1332,1013,4602,6364,2671
5608,4698,6364,3757,1454
1332,6452,1013,3799,6364,2092,4959
2370,6452,3304,5608,4602,1454,5999
2673,6452,5608,2137,1401,4602
116,5608,6364,3757,3710,3951
@dps-end:
@rep:5
@time:3.23
@trys:902827
@seed:123979721
@dps-begin:
6384,2336,6452,2998,4698,4602,6364,2092,3757
6452,5608,4602,6364,3757,1454,3710
6452,3543,3752,4602,6364,3757,1454
6452,3752,2137,4698,4602,6364,3757,1454
2336,6452,2998,3752,1401,4602,2092,6364
6384,2112,6452,6692,4602,4698,6364,2092
448,6452,2998,4602,6364,2092,3757
6384,6452,5608,2137,6364,3757
4291,6452,4602,2476,2671
6452,3752,1401,2137,4602,1579,6364
6242,5608,3752,6364,3710
6242,6452,3752,2137,6364,3710,1454
448,6452,1013,4602,6364,2671
448,3752,1401,6364,2092,1629
6452,5608,2137,4602,4698,6364
4611,6452,1013,4602,2092
2336,6452,4602,6364,2092,3757,1629
3752,1401,4602,2092,3757
6452,3543,5608,4602,1454
2112,6452,1401,4698,4602,2671
@dps-end:
@rep:6
@time:2.464
@trys:709716
@seed:119777719
@dps-begin:
6452,116,2998,808,2137,1401,4602,2092,6364
2112,6452,1013,2966,4602,6364,2092
116,6452,2998,4602,6364,1454,5887
116,5608,3752,1401,6074,3710
1300,5608,1401,2137,4602,6364,3757
2112,3543,1401,4602,2476,2092
6452,3543,5608,1401,2137,4602
6452,6692,2998,2966,5608,4602,6364,3757
116,6452,5608,6364,3710
4611,6452,1013,3752,2137,4602,6364
448,116,933,6760,3752,4602,6364,2671,5999
3752,6364,2092,3757,3710,5999
6452,5608,4602,6364,3710,1919
116,4602,6364,2092,3757,3710,5999
116,6452,2998,4602,6364
6672,448,6452,933,4602,2092,1454,5999,5887
6452,3752,4602,2092,6364,1454
6452,933,4726,5608,3752,3710
6899,4611,1013,1401,1050,2476,3757,6286
6452,6692,2998,6364,2476,2671
@dps-end:
@rep:7
@time:1.76
@trys:524955
@seed:117705823
@dps-begin:
2336,6452,116,2998,1401,4602,6364,2092
5608,2137,4602,6364,3757,3710,1454
2673,6452,2998,1401,4602,6364,2092
2336,6452,2998,3543,2137,4602,1454
2673,6452,1847,1401,4602,2092
2998,5608,4602,6364,3757,1454
116,6452,3752,4602,2092,6364
116,2998,3752,4602,6074,6364,2092,3757
6672,2336,116,6452,3752,1401,2092,6364,5999
5608,4602,6364,3757,3710
2112,116,1401,4602,1037,2671
116,6452,3752,6364,2476,1037
2112,2673,6452,1013,6376,3752,2092
6452,2998,3543,4602,6074,5999
2673,6452,5608,1401,4602,1454,5999
2673,6452,116,2998,1401,4602
116,6452,1013,6364,2476,2092,2671
6452,116,1013,4602,6364,2092
2336,116,2998,4602,3757,6286,1454,5999
6452,5608,4602,6364,1454
@dps-end:
@rep:8
@time:2.26
@trys:638616
@seed:112131119
@dps-begin:
2673,6452,2998,4698,4602,6364,2092,1454
2673,3752,4698,4602,2092,6364,1454
544,116,6452,2998,1401,4602,2092
6452,2998,3543,3752,4602,3757,1454
6672,1332,6452,2998,1401,4602,3407
2673,6129,6452,4599,3752,4602,1454,2623
2673,6452,2998,4599,3752,4602,4698,6286
2998,5608,1401,4602,6364,3757,6286
6452,116,5608,6364,1454,3710
6452,116,1686,2998,3752,1401,4602,6364,3757
6672,338,6452,4602,4698,2092,6364
544,2998,1686,1401,4602,6364,2092
338,116,6452,2998,4602,2092,1055
6452,3752,5608,4602,6364,1454,5999,4959
6452,1332,2998,1401,4602,2092
4291,6452,4602,2476,2671
1153,2673,6452,3752,1401,4602,4698,6364
116,6452,4599,1401,4602,6364,1454
6129,3752,2092,6364,1454,2623
544,338,6452,4726,2998,3752,1401,2092,3757
@dps-end:
@rep:9
@time:2.27
@trys:652775
@seed:108626351
@dps-begin:
544,448,116,6452,2998,4602,6364,2092
6452,2998,4602,6364,2092,2476
6452,5608,2137,1401,4602,6364,4959
6452,2998,3543,4602,2476,5999,5887
448,6452,1013,4602,2476,6364,2671
3059,3752,1401,4602,2092,2623
6452,6692,1013,5608,6364,2476,4959
2112,3543,1401,4602,2476
544,448,116,4602,6364,2671
448,544,4726,2137,4602,2092,5999
448,116,5608,3710,5999
448,544,116,808,3752,4602,6364,2623
116,5608,1401,6364,3710
544,5874,116,6452,2998,4602,1454
448,116,5608,3710,5999
116,6452,4602,2092,6364,3710
544,6452,116,3752,6364,3710
544,448,2998,1401,4602,6286
448,6452,116,1013,2137,1401,4602
6672,448,6452,116,4602,6364,2092,1613
@dps-end:
@rep:10
@time:1.95
@trys:602459
@seed:107980007
@dps-begin:
6452,1300,5608,4602,6364,3710,1055
6452,1013,2966,3752,4602,6074,2092,6364
6452,3543,3752,6074,4602,6364,2092,3757,1454
6452,2343,3752,1401,4602,4875,6364,2092,3757,5999
448,6452,116,3752,4602,6364,2092
2112,6452,1013,4602,6364,2476,2092
116,3752,1401,4602,6364,3710
2112,6692,6452,5845,4602,6364
2112,1366,4602,4875,6364,2476
448,5608,6364,3710,1055
448,2112,116,1013,6364,2671
6452,3543,3752,1401,4602,2092
2112,448,6452,116,1013,6074,2476
5845,3752,4602,2092,6364,2623
6452,5608,1401,4602,2092,3407
3752,6074,4875,2092,6364,3757,1454
4611,6452,1013,1579,1454
1300,4602,6364,3757,6286,3710
4611,6452,1013,3528,2092
4611,6452,1013,3528,2092
@dps-end:
