@rep:1
@time:1.18
@trys:351760
@seed:179424673
@dps-begin:
2465,6964,5432,4952,2585,3161
6275
6784,5030,1646
1939,2213,6399
1577,4427,5631
199,1931
6194,3132
1560,2394,2428
6255
7029,925
2016,4620
3260,255
5731,4571
5030,6890
1356,717
6643,4618,1135
4665,2585,333
6179,4966
6548,212
174,6687
@dps-end:
@rep:2
@time:1.04
@trys:323172
@seed:125164703
@dps-begin:
2336,3682,6964,4952,3161,6527
4651,75
6275
4373,1370
1168,6571,1852
6262,3342
2610,4088,5273,3019
6194,2390
1769
4752,4044
5603,3565
1272,1657
323,149,3611
2265,813,5054
2442,6603
5488,2782
1329,505
1751,505
5350,2363
4088,6221
@dps-end:
@rep:3
@time:1.03
@trys:330385
@seed:132011827
@dps-begin:
496,2465,6964,2585,5420,6527
4872
6275
517,4204,1196
2555
5332,1846,366
2825,6159
1769
5203,1124
6255
4581,3177
769,4890,2746
2622,463
6086,6247
6519,698,2442
6608,3498,5594,2365
5802,5133
1131,3647
323,4760
4160,2399
@dps-end:
@rep:4
@time:1.42
@trys:416309
@seed:124987441
@dps-begin:
2465,4482,6964,3161,2585,6043
4872
6275,3161
1572,2059,2428
714,1245
3687,1179,5887
6212,4647
5619,1022
865,5139
5715,1556,1541,6860
5090
3956,1310
3029,6460
2016,635
1413,3752,2139
3351,4088
5456,1560
5715,670,3567
3302,2622
5923,1068
@dps-end:
@rep:5
@time:1.02
@trys:322914
@seed:123979721
@dps-begin:
5169,4482,6964,4952,2585,6527
4872
3125,1112
1392,799
3943,4589
2217
4273,2104
676,1245
6255
2399
1731,2746,604
1609,6319
4184,4907
907,7022
6848,6328,5485
5003,5133,1326
199,4600
3635,1549
5206,4012,2253
0,5367,2104,6841
@dps-end:
@rep:6
@time:1.02
@trys:323335
@seed:119777719
@dps-begin:
2465,4482,6964,4952,2585,6527
6275,5292
3555,6212
2217,5260
7121,5367
2842,4090
4273,3567
6953
3426,2238
2399
1907,3605
4729,4093
5640,2267
5367,4236,6527
4995,5895,6925
5460,6639
4135,2923,5340
3844,1797,4633
5344,5716
3241,3788
@dps-end:
@rep:7
@time:1.07
@trys:337623
@seed:117705823
@dps-begin:
5169,5603,6964,4952,3161,2445,6527
6275,349
4373,1150
1504,2104,746
5874,1891
3259
3300,1726
4981,3495
2484,2628,6188
4482,181
6071,6397
3336,6957
6083,1571,5967
3426,2335
420,2540
5336,863
5488,4534
6553,651,5725
1156,2399
7129,1358
@dps-end:
@rep:8
@time:1.05
@trys:330256
@seed:112131119
@dps-begin:
2465,4482,1939,6964,3161,6043
865,4739
6275
472,29,3709
3584,554
2217
1769
6908
912,4055
6337,3834
938,4666
6040,1467
1345,2674
3914,4510
1985,1243
4739,1871,7103
6337,2070,297
1545,1129
1617
3762,3597
@dps-end:
@rep:9
@time:1.1
@trys:344284
@seed:108626351
@dps-begin:
385,6964,4952,2585,2445,6527
4872
6275
5985,5860,4981
2322,3638,4669
1735,4972
1920,339
5942,166
1769
6230,807
1216,6248,4330
4355,714
7015,4184
2167,235
5907,6839
6356
4861,2175
1509,6235
2532,552
3873,4134
@dps-end:
@rep:10
@time:1.06
@trys:337490
@seed:107980007
@dps-begin:
385,6964,2585,5420,6527
533,75
6275
4981,3352
4230,554
1760,3638,2695,3019
2439,1560
6970,3405
6783,1935
2163,3430
450,6818
2236,4861
4812,1439
6289
4510,6511
1460,4812
3088,1137,2308
4578,4110
75,3500
1137,1146,1275
@dps-end:
