@rep:1
@time:3.89
@trys:493519
@seed:179424673
@dps-begin:
11026,821,3148,9167
11417,7997
9491,7268
6752,8625,9384,5582
8741,3206
4640,10984,7722
7860,4363,3166
8199,3773,5918
12481,2522,11900
12337,8086
4225,8155,10363,10959
1877,11461,3289
2168,12123,6572,10013,5645
10692,12347
8625,10034,7347,10887,3880
10546,6507
7979,63
7016,12287
10017,9346,3914,4476
4963,438
@dps-end:
@rep:2
@time:3.62
@trys:480726
@seed:125164703
@dps-begin:
12010,3148,990,9167
3681,10529,195
1440,7171
11219,926
826,4702,10863
9346,10171,4252
11346,11444,9913,11626
438,9864
7016,5695
6535,11070,3038
12500,10806,9111,6507,6623
1314,11374
5059,2072
9491,4902
8435,12212,11606,1551
1536,2339,7812,326
755,136
8017,4310
3792,7630
3953,9032,4793,3977
@dps-end:
@rep:3
@time:3.63
@trys:455495
@seed:132011827
@dps-begin:
7633,2425,3148,3182
9491
11269,3641,8427,9759
8755,3206,5943
5157,10570,4955
3715,10692,3822
10548,9256,11096,5727
8017,3704,938
4642,8435,3707
7392,7138
3240,11417,380,399,2831
1075,1685,438
7635,2373,12447
8369,7003,926,5102
2080,2501,8823
6676,11381,4621
4145,7812,24
12465,10171
10548,4310,9291,11231
11219,3462,12248,1035
@dps-end:
@rep:4
@time:3.65
@trys:480597
@seed:124987441
@dps-begin:
7633,2425,3148,3182
9618,10514,2315,10796
9491,297
11973,9272
5170,6901
5542,438
3206
10640,5645
11698,326,5983
11411,8584,5818,5839
8050,214,9167
9123,7016,11913
1785,5194,3162,10875
5542,2093,5182
11648,2532,728
8152,8092
3816,11485,8014
561,4522,9711
2688,6637
9763,6204,10589
@dps-end:
@rep:5
@time:3.58
@trys:455358
@seed:123979721
@dps-begin:
1639,3148,9167,5839
9491
6083,3684,12279
1778,7016
1872,5264,1285
8092,8733
7138,1589,12232,1165
1868,3565
10752,955
3749,5526,3822
11026,6738,9128
1840,11219,11143
7312,10521,2123,926,5839
11459,8775,7575,12462
5667,11880,7370,3722,3773
145,7396,8138
2688,4789,5975,8812
8017,2305,7843,1102
9109,11400,3258,4187
7824,3712,7027,1443
@dps-end:
@rep:6
@time:3.66
@trys:455349
@seed:119777719
@dps-begin:
5606,2425,3148,3182
9491,440
4596,1671,4476,4335
1872,6994,506
4145,1469
5669,3206
981,12519,7144,442,2043,6876,4079
7016,10824,7710
6225,983,11050,11035
6085,3910
5542,11706,2522
3622,938,12602,700
5526,2728,9704,10140,11070
7203,2072,5801,1261
10529,1702,10055,4983
307,10076,5645,6446
2960,530,1176,1343
3555,214,10105,3052
9100,1102
3417,4793,3580,3597
@dps-end:
@rep:7
@time:3.711
@trys:480711
@seed:117705823
@dps-begin:
8200,2425,3148,3182
3383,11579,5983
3010,4310
3557,10135,4575
9491,1702
4116,8869
12325,7016
417,1602,5132
9058,5526,6406
8904,11417
7520,3953,1469
2688,2066,1492
3555,10812,5582
3206,3592
3408,2589,4414
3281,3977,4268,6511
8164,2791,3148,5006
1185,2046
11219,3167
4839,6430
@dps-end:
@rep:8
@time:3.691
@trys:467871
@seed:112131119
@dps-begin:
2425,3148,990,9167
3417,9388,6637
2960,12049,9833,6028,5582
11173,7688,11417,5818
5377,2,11562,8076
7875,6083,2468
5584,2389,9934
2708,11784,12505,9900
3504,8092
7824,386,11055
9994,973,3727
2214,8199,9548,8620
5983,63
8912,8354,12210,7068
1511,11673,9947,10509
10692,10856,11342
8592,12146,859,8572
9346,9429,10329,1613
11219,10028
7016
@dps-end:
@rep:9
@time:3.54
@trys:455280
@seed:108626351
@dps-begin:
7633,3148,3182,9167
4928,3592,1469
9491,9711
4594,2554,6236
3206,1342
7824,4340,6965,10363,11567
3864,8587,4382
7175,2522
2706,214,1820
1124,7016
9760,7586,8199,11133
2688,11377,2538,3403
835,10157,3918
12112,4883,3414,1564
12112,5770,667,7052,5582
3377,10252,1951
8092,10141
2075,2731,8699
2323,5157,10875,3564,6876
5025,4902,11359
@dps-end:
@rep:10
@time:3.71
@trys:480610
@seed:107980007
@dps-begin:
7633,2425,3148,3182
438,2026
9619,4295,3704
4310,5212
8919,5560,3417,6889,6493
10692,4856,4169
6507,5102
214,6679
9491,9422
1392,3206
3731,3657,4874,10653
1735,5594,10667,7052
4484,6028,3405,6623
3740,10028,8223
8674,3640,973
6163,8324,8890,796
8928,1834,8956
728,11081,10863
3792,8092
1881,8831
@dps-end:
