@rep:1
@time:4.41
@trys:544690
@seed:179424673
@dps-begin:
11026,821,3148,9167
10481,12539
11202,5390
4145,11797
11098,44
404,6837
6830
11142
10941
12355
5808
9837
9274
4689,11770
11202,1498
9014,3069
5731,12390,8046
77
6204,239
12292,6294
@dps-end:
@rep:2
@time:4.11
@trys:531678
@seed:125164703
@dps-begin:
12010,3148,990,9167
1859,12331
1642
7189
231
5589,4206
5922,5176
5696
6830
11142
9837
5763,2525
9285,2030
11313,1323
2742,959
8440,2158
10827,10541
3729,1114
247,2797
6452,4919
@dps-end:
@rep:3
@time:4.02
@trys:506535
@seed:132011827
@dps-begin:
7633,2425,3148,3182
10911
10769,3595
4304,2349
11538,8910
8781
7189
2604
5696
6830
10941
9837
9734,1078
17,12086,3740
10624,8028
8852,3206
3122
9811,5786
1642,12269
3729,357
@dps-end:
@rep:4
@time:4.18
@trys:531722
@seed:124987441
@dps-begin:
7633,2425,3148,3182
4952,12575
9309,4733
1642
8145,12346
2604
4614
5696
6830
11142
1444,5532
5808
9837
6321,5071
9366,10541
6132,1498
1057,8124
8518,4046
4145,7903
5060,2794
@dps-end:
@rep:5
@time:3.99
@trys:506484
@seed:123979721
@dps-begin:
1639,3148,9167,5839
10911
12035
9008,8634
7024,9265
1642
5696
6830
11142
5808
9026
9837
233
12579,3206,9387
8107,10943
2790,2616
1157,3787
7622
77
862
@dps-end:
@rep:6
@time:4.06
@trys:506465
@seed:119777719
@dps-begin:
5606,2425,3148,3182
448,5385
1642
7189
9346,1253
5696
6830
11142
914,5100
5808
9026
233
5096,11436
8452,1428,5389
4256,9350
4406,7166,8511
7673,6745
3648,10827
4952,2584
4506,2925
@dps-end:
@rep:7
@time:4.22
@trys:531815
@seed:117705823
@dps-begin:
8200,2425,3148,3182
8321
1642
7189
2631
4614
5696
11142
3364,662
823
5808
9026
9837
233
6637,12383
2616,10044
3017,891
3513,716
1132,11774
3970,5205,12390,9625
@dps-end:
@rep:8
@time:4.07
@trys:519260
@seed:112131119
@dps-begin:
2425,3148,990,9167
3074,10974
5938,10803
9808,328
1154,8099
7665,10117
5696
11142
6519,750
9331,72
5808
9746
233
9274
9872,12618
10117,8373
9104
11216,9367
9515,10799
8157,8446
@dps-end:
@rep:9
@time:3.93
@trys:506604
@seed:108626351
@dps-begin:
7633,3148,3182,9167
8792,6602
2389,10088
2905,10335
3028,12004
2604
5696
6830
10941
12455,7897
5145,3054
9026
7193,8443
11478,3227
3122
7028,5845
10281,10589
2740,1146
1060,11420,8174,5471
7622
@dps-end:
@rep:10
@time:4.19
@trys:531800
@seed:107980007
@dps-begin:
7633,2425,3148,3182
4025,7099
11057,10444
5889,4698
11929,12607
8321
5126,3815
1171,5755
2604
11142
10941
9026
9837
6110
5189,6728
1275,989
3288,989
7622
8744
2400,5288
@dps-end:
