@rep:1
@time:0.19
@trys:95744
@seed:179424673
@dps-begin:
1985,1354
872
1142
1930
2193,659
1362,2018
9,1690
1482,1341
182,1464
555,1019
1000,1128,1354
1985,850,218
1365,2282,987
950,1174
310,218,1341
2054,344
1153,781
340,966
2130,1335,987
1223,1755
@dps-end:
@rep:2
@time:0.18
@trys:93621
@seed:125164703
@dps-begin:
1985,2054
872
1142
1930
1472,2245
1120,1908
1362,168
1252,2252
1985,1374
1985,1845,285
1815,2269
338,2022,200
1480,2201
1354,1535
1993,1354
1752,2201,1354
2036,182
1910,430
1252,887
1365,415
@dps-end:
@rep:3
@time:0.19
@trys:98241
@seed:132011827
@dps-begin:
1985,2054
872
1142
1930
2193,449
776,1118
864,1681,1000
785,531
1201,301,1231
731,877
1553,1362
471,296,1098
1696,1622
178,870
2115,1339
1289,1881
673,1862,1735
1335,616,2090
1649,1901
34,731
@dps-end:
@rep:4
@time:0.18
@trys:91264
@seed:124987441
@dps-begin:
1985,2054
872
1142
1930
1985,1374
516,836
1765,1326
1836,1983
1622,1757
626,155
1153,1339
1118,2127
21,71
1120,1508,781
1497,251,2127,1999
1174,2010
1755,1966
753,1643
2204,1422
1987,1918
@dps-end:
@rep:5
@time:0.18
@trys:93567
@seed:123979721
@dps-begin:
1985,2054
872
1142
1930
1362,985
398,1422
1153,508
1987,388
118,1231
1649,1985,60
60,1118
322,2043
23,2297
994,1688,1103
1346,1266,1016,444
444,1197
372,41,1852
1365,998
380,1118
864,1003,1694
@dps-end:
@rep:6
@time:0.18
@trys:91035
@seed:119777719
@dps-begin:
1985,1735
872
1142
1930
1508,1464
306,1422
1437,1118
553,1098
1365,1676
1780,479
148,1836,1262
465,388,1258
291,1000
673,929
444,13
182,106,927
353,243,1166,479
1717,1335,295,1291
100,55
1076,778
@dps-end:
@rep:7
@time:0.19
@trys:100428
@seed:117705823
@dps-begin:
1985,2054
872
1142
1930
324,1951
952,1118
1649,60
1187,1108
948,1098
1223,410
245,892,285
85,713,1999
1497,1197
1026,372,1145
2307,248
132,1356
1507,2104,1177
1382,444
1187,182
835,1614,366
@dps-end:
@rep:8
@time:0.19
@trys:98073
@seed:112131119
@dps-begin:
1985,1735
872
1142
1930
764,2175
1881,2078
1041,2005
562,2117,937
1365,989
1985,886,941
374,56
165,1752
1426,1508
340,602
1133,1422
1266,1365,430
1859,1397,1879
13,1901
785,1592,1118
2243,1326
@dps-end:
@rep:9
@time:0.21
@trys:109724
@seed:108626351
@dps-begin:
1985,1735
872
1142
1930
1888,1796
569,1231
1796,1755
546,2005
1619,918
1874,1548
1153,2024
1217,2067,1223
148,1033,1836
1773,1758
498,2218
2161,835,2246
1362,822
996,182
900,1724,318
498,388
@dps-end:
@rep:10
@time:0.2
@trys:105117
@seed:107980007
@dps-begin:
1985,2054
872
1142
1930
994,877
212,1836
1622,460
850,182
182,582,2187
2305,764
977,1999
1696,1622
1969,785,1815
943,1999
1397,1326
131,1098
1888,1231
1408,1382
1029,1397,366
409,1547,285,1213
@dps-end:
