@rep:1
@time:1.75
@trys:380793
@seed:179424673
@dps-begin:
4214,6102,2247,4360,4137,3322,3660,4829
437,4486,4120
4695,2570
5094,599
4720,5315,295
4898,5545,6031
2872,6841
5348,312
599,5400
1356,5951
750,5599
4695,1067,2172
6905,507
5890,4629
5236,3689
5152,2193,4402,3300,3398,2685
5890,4318
6659,6165,3288
6848,515
6392,2126
@dps-end:
@rep:2
@time:1.83
@trys:394904
@seed:125164703
@dps-begin:
4214,6102,2247,4360,4137,3660,4829,4207
4680,5951
5348,6255
1904,7117
1785,4235,3148,4748
3170,1124,3977
2033,107
5315,3804
5362,6795
1410,1479,5033,3646
507,3502
2529,599,3804,1853
2048,5603,5943
2570
5917,7117
2245,2021,2582
1257,6841,2122
6275,308,4758,4489
599,5979
373,5407
@dps-end:
@rep:3
@time:1.74
@trys:373877
@seed:132011827
@dps-begin:
2021,4214,2247,2184,4360,4441,1084,5807
4214,2887,4748,127
5618,4105,7100,6031
5236,6599
5348,6228,583,1325
5569,3703,747
5925,2570,572
2017,599
5665,5236,869
2465,2305,2456,2795
4110,1438
5699,2999,5951
507
5890,6582
1289,3994
6310,6699
2212
4200,985
6659,2836
1217,5315,5236,1590
@dps-end:
@rep:4
@time:1.62
@trys:352379
@seed:124987441
@dps-begin:
4214,2247,760,4360,2184,1289,4441,1084
5236,7013,7100
4214,1510,3447
3185,599,4604
4768,4192
5713,2649
6795,2172
4983,4922,107,2975
2465,1145,4347,6222
6795
2705,2570
6360,4347
2465,34
5890,1755
507,6299
6677,393,5951
1632,3107,6951,1917
296,3978,6222
5270,1111,4525
4514,1976,4616,1306,6815
@dps-end:
@rep:5
@time:1.59
@trys:366491
@seed:123979721
@dps-begin:
4214,2247,4360,4441,3660,4829,5807
5091,5270,4105
5665,2587
482,3854
5155
4018,1084,2685
5315
3978,5644,3660
1232,1699,2999
5573,3062
7060,874
909,4415
2643,4732
5545,1196,2815
2050,3385
371,2570
1232,3828
2288,6275,4365
1955,5828
4360,4495
@dps-end:
@rep:6
@time:1.58
@trys:359427
@seed:119777719
@dps-begin:
4214,6102,2247,4360,2184,4441,5807
3284,43
5155
5926,6795
1827,5925
5236,2685
3040,2465,295
3004,6047
3762,3978,2475
2946,482
146,291,5708
4741,2859
3689,1130
5315,5466,2383
1361,1319,3549
2929,2582
1312,2482
6057,2266,6154
5236,40
2068,6792
@dps-end:
@rep:7
@time:1.6
@trys:373787
@seed:117705823
@dps-begin:
2003,4214,6102,4360,4137,3660,4829
2465,4632,1084
5155,4214
5315,4987
5122,599
6353,2802,5348
4741,5756
6750,2975
3718,3497
3059,3447
3329,507
437,2279
4514,5001,874,5979
5890,2287
1904,5731,4347
4632,1067,1614
4402,1107,4148
425,3978
1955,1172
6275,636
@dps-end:
@rep:8
@time:1.324
@trys:309318
@seed:112131119
@dps-begin:
2003,4214,2184,4360,1289,4137,4829
2700,4829
5315,729
4741,4886,4650,5083
2325,6792
4192,4626,618,1694
346,2700
6150,599
5315
4358,1862
4116,4038,6360,1964
6690,4741
3718
6795
6704,2080,1020,4525
3442,2212,4743
5545,3052
146,4195
5473,6275,6039,2266
305,6350,5599
@dps-end:
@rep:9
@time:1.48
@trys:337794
@seed:108626351
@dps-begin:
4214,6102,2247,4360,4137,3660,4829,6255
6034,6297,729
2660,2700
1124,3854
676,2669,5599
5713,1086
5603,2570,175
5315
6150,599
5248,507
6228,5828,2872
5665,5699,1001
515,3994,4748
1107,5094,6795,4974
7073,2570
5377,5270,1608,937
6720,5094,509
2212,4619,5183
146,4142
2202,4495
@dps-end:
@rep:10
@time:1.88
@trys:416103
@seed:107980007
@dps-begin:
2804,6102,4214,2247,4360,4137,3660,4829
4368,5155,1876
5280,5765
1841,5908,3031
34,5348,4637
6720,1462
7121,2465,3031
3731,7060
146,5370
4360,5437,4173
2359,3783,6699
4105,507
892,4415
2119,5407
45,2685
5890,3382
4116,4137,4412
1458,1694
5765,45
6195,4741
@dps-end:
