@rep:1
@time:0.96
@trys:294693
@seed:179424673
@dps-begin:
2465,6964,5432,4952,2585,3161
3029,3638
1726
3011,3177,4461
6784,6883,2090
3773,6206
672,374,2646
4928,4298
1105,3316,3161
5811
2465,4498
1440,3023
1751,3403
3104,2169,4702
1577,4910
3920,1451
3621,1182
1799,6665
1907,6277,2445
6173,813
@dps-end:
@rep:2
@time:0.86
@trys:266122
@seed:125164703
@dps-begin:
2336,3682,6964,4952,3161,6527
2423
5874,366
4712,6253,4238
496,5731,5996
3696,6275
3278,5166
4709,6839,4679
5009,5784
6681,3051,1661
3920,354
4966,264
4226,1636,3125
2792,3036
3696,3857,2001
2016,2370
3760,1124,2277,200
723,6839
1313,3716,4170
1142,1260
@dps-end:
@rep:3
@time:0.85
@trys:273440
@seed:132011827
@dps-begin:
496,2465,6964,2585,5420,6527
4981,2716
6210,2982
4226,3371
1651,1607
1440,3320
609,4649,5386,6399
149,1229
5475,7051
2484,2445
3777,5912,6253
4981,374
3638,6327
4197,267
5811,4204
1243
600,4380,5039
6275
5321,6057
651,4542
@dps-end:
@rep:4
@time:1.23
@trys:359018
@seed:124987441
@dps-begin:
2465,4482,6964,3161,2585,6043
4098,4774,3531,6399
3668,3161,1497
3177,479
5332,4981,5129
3255,2667
3097
1812,1931,5947
3920
2659,1182
1142,5671,3403,4972,5711
2274,4226,5332
2930,3956
1426,1108
4088
4544,6275
382,4702
5937,3251
4803,1882
3320,1995,3531
@dps-end:
@rep:5
@time:0.84
@trys:266001
@seed:123979721
@dps-begin:
5169,4482,6964,4952,2585,6527
3539,4966
450,2295
4981,1142
6452,5557,4203
5557,4203,2300,4301
4595,3177
500,4088
6485,727,6639
3920
4036,2667
427,1182
1126,3320,2376
6161,2008,1577
5812,2183
1595
6912,1370,5260
1556,6639
5721,2236
3177,4028
@dps-end:
@rep:6
@time:0.83
@trys:266216
@seed:119777719
@dps-begin:
2465,4482,6964,4952,2585,6527
4226,6206
4119,3498,1358,6527
1440,1099,3918
4866,4373
2288,1026
1577,2845,6527
5811,4312,5292
1882
4192,354,3177
6275,1939,4981
5603,3125,4310
4410,3310,6239
1607,554
1243
3920,563
309,6441,5995
6275
4402,5638,2651,5757
1124,2376
@dps-end:
@rep:7
@time:0.91
@trys:280673
@seed:117705823
@dps-begin:
5169,5603,6964,4952,3161,2445,6527
144,3621,2104
2423
6688,4226,1081
5712,3168,687
1651,423
3332,765,3278
3351,3177
6210,2482,1578
3480,3804
5890,1182
5811,600,4909
3104,5397
2055,4649,3403
6194,6421,6959
5899,1196
482,4038
6684,1549,4510
1799,1800,3964
2308,4872,6282,1916
@dps-end:
@rep:8
@time:0.86
@trys:273544
@seed:112131119
@dps-begin:
2465,4482,1939,6964,3161,6043
691,3177
2423
3320,6143
4872
1572,2251,6749
1142,255
5493,4821,2986
1440,4467,821
1056,3177
2900,5527,1577
6592,3216,4998,2621
1683,6527,1615
6275
4129,5397
5811,614,1751
5145,3774,1679
3394,5731,4380
651,1692
5332,4517,4316
@dps-end:
@rep:9
@time:0.93
@trys:287646
@seed:108626351
@dps-begin:
385,6964,4952,2585,2445,6527
3860,1014
3840,306,4485,3403
5332,5527
1137,6872,5133
75
4981,5934
6321,5493,5014
3559,3342
2648,4344,5656
6210,6711,4376
6912,6964
5482,3405
865,6639
376,2779,5788
1243
6257,5972,5383
2402,4611,4197
354,267,6815
6230
@dps-end:
@rep:10
@time:0.89
@trys:280265
@seed:107980007
@dps-begin:
385,6964,2585,5420,6527
3177,5292
3320,5565
2982,1615
3860,949
1799,6493,2446
6720,6899,4774,5420
3177,4221
3920,2379
5332,3582,1903
1142,4633,7051
6998,4247
2465,4132
3043,1332
3754,524
1440,6485,4025,685
5972,645,4998
6230
6161,3964
1144,4093
@dps-end:
