@rep:1
@time:4.45
@trys:1063351
@seed:179424673
@dps-begin:
261,6439,8552,5453,6638,3919
6439,4778,8828,6638
7493,6439,8828,5534,6638
11620,12132,902,6439,3804,3919
261,8552,6973,6638
966,8828,6638,5534
12132,7830,6439,8828
6439,8828,5453,3039
10501,8828,5453,318
6439,7528,8828,5453
2577,6439,5453,6638,6319,3919,4463
11620,261,10501,966,8552,3804,8828
6439,6638,3919
11138,12132,902,5453,6638
6003,7493,966,8828
7830,8828,6973,5453
3804,8828,6637,6973
966,6439,9673,4570,6638
7259,8828,6973,5453
11620,902,8828,5453
@dps-end:
@rep:2
@time:4.39
@trys:1012026
@seed:125164703
@dps-begin:
10706,261,8552,5453,6638,3919,6239
3925,10967,8828,3804,6638
10501,3925,966,8828
12132,821,7830,5453,6638,3919
12132,821,8828,3804
10513,3925,5453,6638,3919
10513,261,6440,3804
10706,261,10501,5692,3919
3925,8828,3804,6637
966,10967,3804,318
3925,6973,6638,3919,6319
7528,8828,5453
12132,3925,7830,966,8552
12132,3925,6440,8828,6973
7696,10706,7749,261,3925,6638
7749,261,1530,1227,8828,6638
9173,8828,5692,5453,6638
7259,8828,6973,5453
10706,7749,3925,261,7528,6440
7696,10513,10706,12132,3925,10967,5692,6638
@dps-end:
@rep:3
@time:4.49
@trys:1088299
@seed:132011827
@dps-begin:
261,6439,8552,3804,6638,3919
6439,8828,3118,6638
6439,8828,6638,4463,4031
7493,6439,8828,5534,6638
261,8828,3118,6638
10501,966,6439,4825,8828,6638
6421,6439,8828
6439,4825,6638,3919
6439,8828,4463,4031
7493,8828,6638,4031
261,6233,8828,7711
304,10706,7749,902,6439,8552,4463,4031,3919
7830,966,318,4031,3919
304,261,10501,966,6439,4825,8828
8316,6973,6638,3919
12132,7830,6439,3919
8828,318,4463
7749,6439,8552,6638,318,4031
1579,8828,5534,6638
6439,8828,6638,6319
@dps-end:
@rep:4
@time:7.32
@trys:1617203
@seed:124987441
@dps-begin:
2577,10706,12390,6439,5453,6638,3919
10706,10501,261,966,154,8828,5453
6439,8828,6638,5534
7830,6439,154,6638,3919
544,154,8828,3804
304,3443,261,8828,6638
7749,261,6440,154,3804,6638
2577,261,9673,6638
261,966,5453,318,3919
10706,12132,966,7830
7749,966,6440,154,3804
7555,7493,966,8828
6439,7528,8828,5453
7555,6439,6638,3919
261,966,6439,1501,6638,3919
3443,12132,10967,5453,6638,3919
7493,966,6439,154,6637,6638
10501,10967,3804,8828
6439,7259,8828,5453
7493,261,3804,8828,303
@dps-end:
@rep:5
@time:3.86
@trys:962467
@seed:123979721
@dps-begin:
6439,8828,5453,6638
3925,10501,7493,6439,8828
7749,3925,902,6439,6638,4463
275,261,6439,8828,5534,6638
261,3925,8828,1901,318
12132,3925,7830,6439,8828,6638
544,6897,966,6439,8828,6638
261,3925,966,10967,6439,3804,6638
261,966,8828,3804,5534
8563,261,6638,8607
6897,12132,6439,6638
544,3925,902,8828
6897,261,902,966,8327,6439,3804
6897,902,8828,4463
544,3925,8828
275,3925,261,966,6439,1901,318,6638
1171,275,3925,7830,8828
6439,8828,6638,6319
6897,10501,3804,8828
261,966,4198,6439,8828,318
@dps-end:
@rep:6
@time:5.15
@trys:1138730
@seed:119777719
@dps-begin:
2577,10706,12390,6439,5453,6638,3919
261,666,3804,6638,3919
3925,10501,966,8828
10706,261,8828,5534
3925,7830,6439,3804,8828
10706,966,8828,4463
3925,902,6973,6638,4463,3919
6421,3925,9099,3804,3919
6421,6439,8828,6973,4031
6754,3925,6439,8828,5453,6638
5745,3925,6439,8828,6638
6421,6439,6973,6638,3919,4031
261,8828,5534
7493,3925,261,4463
6440,11641,3804,8828
304,1171,7493,3804,8828,4031
5745,3925,902,6439,8828
3925,261,902,12390,6439,6440,666,6637,3919
1171,261,8828,6319
6421,8828,3804,6973,5534
@dps-end:
@rep:7
@time:4.55
@trys:1050526
@seed:117705823
@dps-begin:
2577,6439,8330,3804,6638,3919
5924,6439,8828,5534,6638
7361,10706,10501,261,8828
7361,7830,6439,8330,6638,3919
10706,8291,261,8828
11620,7493,966,8828,6638
7361,3538,10706,7830,6439,5692,3919
7361,3538,5924,261,902,6973
6439,8828,6638,3039
7361,10706,261,966,10967,5692,318
2577,261,966,3804
11620,6439,6638,3919
902,7830,6973,3919
7361,5924,8828,6638
3538,3443,261,8330,6638
2577,261,6439,5962,5692,3919
11620,261,966,6440,3919
3443,10967,6439,8828,6638
10501,7493,966,8828,6638,318
10706,261,8828,3039
@dps-end:
@rep:8
@time:4.64
@trys:1063043
@seed:112131119
@dps-begin:
2577,10706,261,5453,6638,3919,6239
3925,10501,966,8828
6421,8828,3804,5548
1300,8828,3804
3925,10967,8828,6638
10706,966,8828,5534
10501,3925,8828,318
261,10501,6440,3804,8828,6638
12132,3925,6638,3919
10706,261,6440,5453
261,7493,666,8828
3925,6973,6637,6638,3919
7830,3804,8828,6973
9361,6421,8828,6638
11088,3925,966,7830
6421,10967,3804,3919
6421,3925,6440,8828
2577,966,318,6638,3919,3039
9173,8828,5453,6638
2577,12132,3925,7493,966,4463
@dps-end:
@rep:9
@time:5.53
@trys:1239394
@seed:108626351
@dps-begin:
10706,966,12390,6439,8552,5453,6638,3919
6439,8828,5534,6638
2417,902,6439,6638,3919,4463
11044,6439,8552,8828,6638
3925,7830,6439,3804,8828
3925,10501,261,902,3919
261,3925,8828,3804,7533,6638,3919
10706,3925,261,8552,7528,6638
10706,966,8552,6638,4463
261,966,9673,6638
8828,3804,7533,6638
12132,3925,6440,3804,4463
7830,966,3919
12132,3925,8828,4463
12132,10967,6439,8828,3804
275,6439,8552,6638,6319
11641,8828,5453,318
12132,6439,3804,6973,6637
12132,3925,261,3804,318
10706,3925,261,6440,6637,3919
@dps-end:
@rep:10
@time:7.55
@trys:1668073
@seed:107980007
@dps-begin:
2577,10706,12390,6439,5453,6638,3919
3925,6439,8828,6973
261,6439,666,8828,6638,5534
10501,7493,3925,966,3919
275,261,8828,3804,5534
966,6439,6638,4463
12132,7830,6439,8828
261,966,9673,6638,318
2577,261,6439,6440,666,8828,4031
11620,6439,8828,3804,4463
2577,261,966,5724,3804,6973
11620,261,7493,8828,6973
3538,261,3925,6439
1171,7493,966,6439,3919
12132,6440,3804
12132,6638,4463,4031,3919
12132,11620,6439,6638
2577,3538,261,6638,6319
3925,6439,4457,3804,8828,4463
275,1171,3925,7830,318,6638,3919
@dps-end:
