@rep:1
@time:1.04
@trys:480240
@seed:179424673
@dps-begin:
4785,150,1499,6764
564,6235,3837
6557,2445
4676,6022,6073
1620,4255
6477,670
6183,6347
6881
31
5429,6565,4571
6768,241
4217,4175
5907,459,1100
6539,1021
4870,367
3157,5111,6600,3901
3498,2751
6496,5646
5565
6932,6469
@dps-end:
@rep:2
@time:0.97
@trys:451487
@seed:125164703
@dps-begin:
4785,150,2838,1499
5750,1405
4358,2889,861
775
5429
6971,6380
273
6704,5441,2635
4569,4908,5550
2224,2081,100,909
1338
1633,3187,4676,1764,1499,172
693,5294
3536,803
24
5424,5101,4765
1173,4221
65
1668,2871
6076,172
@dps-end:
@rep:3
@time:0.93
@trys:437255
@seed:132011827
@dps-begin:
4785,150,2838,1499
5750,2459
1572
6183,1742
3324,2061
1234,156
5200,3651,2573
4328
5548,4926
4546,5179
5130,1661
5587,454,6893
1271
4776,2239
804,3768,6251
1199
1589
0,4785,6430
6881,4435,6251
2663
@dps-end:
@rep:4
@time:0.86
@trys:401418
@seed:124987441
@dps-begin:
4785,150,1499,6764
5750,1405
4345,159
233,1802,4972,5005
759,1338
1998,6110
0,3027
1428,1998
679
2853,775
505,6110
600
1021,3486
7033,6987
4065,536
6367,6303,3103
3337,1802,5005,2190
7101,4078,4462
1348,1782
4564,1894,3816
@dps-end:
@rep:5
@time:0.84
@trys:401553
@seed:123979721
@dps-begin:
4785,2838,150,1499
5750,6966
2532,156
2752,5840,5587,2856,6477
1504,3092,462
1361,5205,2795
5154,775
4234,5119
31
6439,5277
2537,1709
3685,2345
1113,4827,3982,6047
3429
6884,281
4175
4592,5811
6869,687
3345,536
1986
@dps-end:
@rep:6
@time:1.62
@trys:758025
@seed:119777719
@dps-begin:
3240,3130,4938,1499,2335
276,2697,2411
5413,629,6975
2165,5791,159
4503,2695,5294
4032,1608
6133,7050,5003
6518,4446
6747,2508
659,281
2655,1215
2816,3135
2004,3285
4175
1076
2816,4580
2082,4438
5974,462
1604,5339
1940,3979,6830
@dps-end:
@rep:7
@time:1.08
@trys:515504
@seed:117705823
@dps-begin:
4785,150,4938,1499,6764
6197,5750
4498,5035
4817,1133
1405,5774
0,3799
3896,6520
4417,1506
4471
6760,4270
202,4175
600
2250
5961,1389,670
1076
1771
4342,4175
6484,4029
1413,1785
2160
@dps-end:
@rep:8
@time:0.97
@trys:472707
@seed:112131119
@dps-begin:
4785,2838,150,1499
6966,1405
2868,159
1572
1266,3858
1234,1206
1829,4919
273
5313,5350
5921,6337,1810,5115,6636
4885,6905
1627,4045
4691,2984
6529,6321
1732,3357
4089
2480,1652
4145,6506
737,6673
7056,539,861
@dps-end:
@rep:9
@time:0.92
@trys:437275
@seed:108626351
@dps-begin:
4785,150,4938,1499,6764
1056,5750,1405
5400,302
3930,2655
5054,302
3122,1103
242,6040,5372
3896,2204
31
1712,242
1075,3901
3825,6277
519,1933
6536,4012
4736,1569
242,4389,6040
5527,6040
1771
70,2682,1727
1986
@dps-end:
@rep:10
@time:1.18
@trys:536812
@seed:107980007
@dps-begin:
4785,150,4938,1499,6764
3417,159
2816,6053
3366,6110
5961,3033
1633,6760
6822,5961
3348,1515
4476
4567,687
5921,3080
4915,5147
3751,6349
1589
1771
4512,1665
6609,3220
3970,3076
1560
1986
@dps-end:
