@rep:1
@time:0.2
@trys:104907
@seed:179424673
@dps-begin:
1985,1354
562,884
1341,269
1057,1098
2098,1223
182,1758
1681,2119
1864,409
424,366
1362,2054
1670,366
1447,296
2128,1097
1237,1991
2054,251,1758
1575,1836
2098,178
1670,918
562,1317
2128,1541,1836
@dps-end:
@rep:2
@time:0.18
@trys:93286
@seed:125164703
@dps-begin:
1985,2054
1752,1354
1632,1508
1622,2222
1511,1836
516,1341
2006,1815
178,1836
626,1637,1258
1985,167
1985,1480
2170,1422
1354,588,157
2119,106
1985,663,1758
626,1912
1632,1985,661,1354
1019,1951
1985,470,588
1733,1319
@dps-end:
@rep:3
@time:0.17
@trys:93433
@seed:132011827
@dps-begin:
1985,2054
1985,937
1953,588
1717,1622
1560,392,588
1281,366
562,182
388,2119
388,1223
1098,124
1258,1934,1503
1362,1670
1985,1681,1682
1859,1912,239
2119,106
562,1077
1985,100,1240
544,1859,1354
100,239,255
562,1294
@dps-end:
@rep:4
@time:0.15
@trys:77267
@seed:124987441
@dps-begin:
1985,2054
562,1885
1811,1735
1508,1258
1815,2141
1670,382
2265,1422
929,1670
2246,1548
435,1231
386,1765
1859,457,366
994,1365
1254,239
2305,1223
2119,1039
1140,2246,588,2127
178,1670
1258,1437,239
1140,1912,2173
@dps-end:
@rep:5
@time:0.18
@trys:95856
@seed:123979721
@dps-begin:
1985,2054
1174,1341
1254,1341
1508,1991
2305,1505
1562,1836
2054,1146
1365,1951
842,959,2095
136,1231
178,778
353,366
1733,1039
626,1999
1362,1670
1306,1836,1951
1670,621
1985,989,2095
2246,731
588,157
@dps-end:
@rep:6
@time:0.16
@trys:84292
@seed:119777719
@dps-begin:
1985,1735
2145,1836
1329,1223
1598,239
562,644
449,1231
1422,1999
1098,1901
1735,1927,1240
1864,778
2128,804,106
466,1127,1836,1951
1632,1985,738
2246,366
1735,695,1836
1733,1707
864,106
1985,2146,1421
308,842,1836
1616,1985,1862
@dps-end:
@rep:7
@time:0.2
@trys:102570
@seed:117705823
@dps-begin:
1985,2054
1622,200
562,781
1632,1508
1864,842
1201,184,2109
1733,2249
864,1670
842,1999
929,562
677,1735
1681,2119
562,182
1422,1231
1670,2006
1670,157,239
993,562
1862,2246,1354
1354,239,479
1735,13
@dps-end:
@rep:8
@time:0.13
@trys:67853
@seed:112131119
@dps-begin:
1985,1735
1864,1003
562,967
626,1999
178,388
1362,1670
435,1231
1815,46
562,1010
1682,588
1354,1133
1733,106
2119,1530
562,1548
1836,767
1696,1254
372,2012
562,1447
2305,1630,239
864,106
@dps-end:
@rep:9
@time:0.17
@trys:88960
@seed:108626351
@dps-begin:
1985,1735
562,109
1712,1098
1985,447
290,239
1289,366
864,106
1424,588,1775
372,1999
2012,239
1362,1670
1153,239
469,182
386,2109
1779,2119
2245,2054
1985,1447,2109
353,340,1354
1554,239
1223,2074
@dps-end:
@rep:10
@time:0.2
@trys:107229
@seed:107980007
@dps-begin:
1985,2054
1422,831
1622,1319
695,1836
1939,2054,857
1825,2054,731
1985,21
1097,1098
855,1231
1153,239
1354,2187,13
626,1912
1019,1231
1985,1975
1632,2119
1985,1836,1678
1985,273,731,1934
1985,1197
1985,2228,1354
1335,1341
@dps-end:
