@rep:1
@time:5.47
@trys:1301768
@seed:179424673
@dps-begin:
2577,261,6439,5453,6638,3919
6439,8828,5453,6638
261,966,6439,3804,6638,3919
6421,6439,3804,8828
12132,6439,3804,6638,3919
7493,6439,8828,5453
2577,6439,6638,3919
8828,3804,6638
2577,6439,3804,3919
6439,5453,6638,4463,3919
6966,966,6439,3804,6638
966,6439,151,5453,6638,3919
966,6966,6439,151,6638,3919
7830,6439,5453,6638,3919
966,6439,5692,3804,6638,4463
12132,6439,8828,6638,4463
6439,8828,3804,4463
6439,8828,5534,6638
10501,6439,8828,5453
11620,6439,8828,3804,6638
@dps-end:
@rep:2
@time:6.06
@trys:1315172
@seed:125164703
@dps-begin:
2577,10706,12390,6439,5453,6638,3919
8578,9099,8828,5453,6638
10706,3925,966,8552,6638,3919,6239
2577,8578,821,12390,966,3804,6239,3919
261,3925,8552,6638,3919,6239
8578,7493,3925,9099,5453,6638,3919
9099,8828,5453,6638
8578,12132,9099,5453,6638,3919
10706,8578,10501,12390,966,8828,5453
966,8552,5453,6638,3919
10706,966,12390,6638,3919,6239
8578,902,9099,3804,6638,3919
10706,8578,12390,5453,6638,6239,3919
12390,966,8552,3804,6638,6239
10706,8578,666,8828,5453
10706,8578,966,12390,902,5453,6973,3919
10706,8578,3925,12390,966,5453,6638
3925,966,8828,6638
2577,10706,3925,261,966,3919
966,5453,6638,318,3919
@dps-end:
@rep:3
@time:7.92
@trys:1756083
@seed:132011827
@dps-begin:
2577,10706,6439,8330,5453,6638,3919
261,6439,8552,154,3804,6638,3919
6439,8828,5453,6638
6421,6439,3804,8828
7493,6439,154,8828,5453,6638
10706,261,8552,6973,5453,6638,3919,4031
2577,10706,6439,6638,3919
6439,154,8828,6638
261,6439,8552,5453,6638
12132,6439,3804,6638,3919
10706,966,6439,8828,6638,4463
2577,6439,4825,6638,3919
6421,6439,3804,8828,6973
10706,7493,966,154,5453,6638,3919
6439,8828,5453,3118,6638
10706,6439,8552,8828,6638,5534
6421,6439,4825,8828,6638
6439,5453,6638,4463,3919
6439,8330,3804,6973,6638,3919
2577,10706,261,8330,5453,3919
@dps-end:
@rep:4
@time:3.444
@trys:823994
@seed:124987441
@dps-begin:
2577,10706,261,6439,5453,6638,3919
2577,261,6439,154,3804,6638,3919
6439,8828,5453,6638
10706,966,6439,154,8828,6638
6421,6439,8828,5453,6638
3538,7493,6439,5453,6638
10706,3538,261,8828,5453,6638,4031
2577,10706,9099,5453,6638,3919
2577,261,5453,6638,3919
10706,3538,261,6439,6638,3919
2577,10706,261,6439,5453,6638
10706,966,6439,6638,4463,3919
2577,10706,261,6439,3804,3919
6439,154,8828,5453,6638,4463
2577,10706,8563,261,966,6440,5453,3919
10706,7830,966,6439,5453,3919
10706,10501,261,8828,5453
275,3443,261,8828,5453,6638
6439,9099,3804,6638,3919
3804,8828,6638
@dps-end:
@rep:5
@time:7.69
@trys:1630537
@seed:123979721
@dps-begin:
2577,10706,6439,8330,5453,6638,3919
3538,10706,261,154,8828,5453,6638
902,6439,154,8330,9099,3804,5453,6638,3919
6897,6439,8828,5453,6638
6421,6439,8828,5453,6638
10706,3538,261,9673,9099,1901,6638
2577,6897,261,6439,3804,5453,6638,3919
2577,3538,7493,3925,966,6439,8828,6638
12132,902,6439,9099,5453,6638
10706,1171,261,902,966,8828,6638
6897,6439,8828,6638
6439,8828,5453,1901,6638
6439,8828,5453,6638,4463
6421,6439,8828,5453
12132,6439,154,3804,6638,3919
1171,902,966,6439,154,5453,6638,3919,4463
10706,10501,6439,666,8828,5453
2577,6897,261,8828,5453
6897,12132,902,6439,9099,6638,4463
6897,6421,6439,8828,3804
@dps-end:
@rep:6
@time:5.611
@trys:1227103
@seed:119777719
@dps-begin:
2577,10706,12390,6439,5453,6638,3919
10706,3925,966,6439,8828,6638
261,966,8828,5453,6638
3925,12390,902,6439,6638,4463,3919
6421,6439,3804,8828
2577,10706,261,6439,6638,3919,4031
2577,10706,6439,6638,3919
3925,902,12390,6439,3804,6638,3919
10706,275,3925,8828,6638
6439,8828,5453,6638,4031
10706,3925,261,6638,3919
2577,10706,3925,261,6439,6638
2577,10706,3925,261,12390,6439,3919
6421,6439,8828,3804,6973
10706,275,3925,12390,6439,3804,3919,4463
2577,275,3925,261,6638,318,3919
10501,7493,6439,8828,5453
10706,6421,6439,8828,5453,6638,4031
12390,902,6439,3804,3919
2577,10706,261,5453,6638
@dps-end:
@rep:7
@time:5.78
@trys:1277604
@seed:117705823
@dps-begin:
2577,10706,6439,8330,5453,6638,3919
261,821,6439,8552,3804,6638,3919
821,6439,3804,8828,6638
6421,6439,8828,5453,6638
7361,10706,275,261,8828,6638
2577,3443,261,6439,8330,5453,6638,3919
10465,902,6439,3804,6638,3919
2577,10706,261,6638,3919
10465,902,6439,5453,6638,4463,3919
6439,8330,3804,6638,3919,4463
3443,6421,6439,8828,6638
7361,2577,3538,10706,261,966,8828
7361,6421,6439,8828,6638,3919
2577,3538,10706,7555,261,6638,3919
3538,7493,821,6439,8552,8828,3804,6638
6439,8828,6638
11138,966,6439,3804,3919
261,902,8552,8330,9099,5453
2577,10706,261,8552,8330,5453,3919
10706,261,6439,8330,9099,5453,3919
@dps-end:
@rep:8
@time:6.71
@trys:1428576
@seed:112131119
@dps-begin:
10706,966,6439,8552,8330,5453,6638,3919
6439,8828,5453,6638
6897,1171,6439,8552,5453,6638,3919
6421,6439,3804,8828
3925,6439,666,3804,8828,6638,6239
6421,9099,3804,8828
10706,10501,6439,8828,5453
6897,6439,8828,6638,4463
10706,966,5453,6638,3919
966,6439,8552,5453,6638
6439,9099,3804,6638,3919
10706,6439,8552,6638,3919
10706,261,966,6638,3919
6439,5453,6638,4463,3919
10706,966,8828,5453
10706,966,6638,3919,6239,4463
10706,12132,966,5453,6638
6897,6501,6439,9099,6638,3919
6501,6440,9099,5453,6638,3919,4463
12132,6439,8828,3804
@dps-end:
@rep:9
@time:5.94
@trys:1327423
@seed:108626351
@dps-begin:
10706,261,6439,8552,5453,6638,3919
6439,8828,5453,6638
821,966,6439,8552,3804,6638,3919
6421,6439,8828,3804
12132,6439,3804,6638,3919
10706,10501,6439,8828,5453
821,6439,8828,5453,6638,4463
966,8552,5453,6638,3919
10706,6439,8552,6638,3919
10706,966,6439,9099,5453,12446,3919
10706,6439,8552,5453,6638,12446
10706,966,8828,5453
6439,5453,6638,4463,3919
6439,9099,3804,6973,6638,3919
261,8828,5453
10706,966,6439,5453,6638,4463
8552,5453,6638,318,3919
6421,8828,3804
12132,966,6439,8552,3804,6638
7493,8828,5453,6638
@dps-end:
@rep:10
@time:5.8
@trys:1302297
@seed:107980007
@dps-begin:
2577,10706,3925,12390,6439,6638,3919
3925,261,902,6439,8552,6638,3919
6439,8828,3804,6638
10706,275,12390,6439,6638,4463,3919
3925,6421,6439,3804,8828
3925,966,6439,6638,3919
10706,275,3925,12390,8552,6638,3919
902,12390,6439,6638,3919,4463
3925,6439,8828,6973,6638
12132,3925,6439,6638,3919
1171,261,8552,3804,3919
261,3925,966,8828,6638
10706,1171,261,3925,8552,6973,6638
10706,261,902,8552,6638,3919,4031
275,12390,6439,3804,6638,4463
12132,6439,3804,6638,3919,4463
3925,12390,902,6439,3804,3919,4463
6421,6439,3804,8828,6973
7493,3925,6439,8828
10706,3925,10501,6439,8828,12446
@dps-end:
