@rep:1
@time:2.711
@trys:682985
@seed:179424673
@dps-begin:
2577,261,6439,3804,6638,3919
5949
8165,8364,6319
6504,7595
8552,6011,5534
5394,6973
7555,10501,8919,3919
7830,7259,9007
6659,3735,6973,5534,3039
966,7830,11197
6082,10501,4526
12442,7259,7595
304,12442,5534
304,10501,4933,278
9328,10150,8364,6638
4792,7883,8155
8400,3905,9580,6319
8275,5669
7810,6082,278,6423
3270,8364
@dps-end:
@rep:2
@time:3.8
@trys:909676
@seed:125164703
@dps-begin:
10706,261,8552,5453,6638,3919,6239
5949
5394,3804
7830,4526
6966,6504
7062,9673,3260,7501,9262
7830,8364,4126,318
7830,11834,7259,8828,3919
8919,5534
12242,5731,7830
9937,6659,11044,1319,8552,7641,3919
9361,7830,7259
11044,7830,4846
11216,6659,8828,3919
10150,317
7810,7641,8364
7798,10150,5534
10501,317,9007
10501,2806,1319
7810,6659,11044,6966,6638
@dps-end:
@rep:3
@time:3.76
@trys:922249
@seed:132011827
@dps-begin:
261,6439,8552,3804,6638,3919
5949
6966,6504,7595
1319,7995,8607
6819,7259,6637,3919,8607
10501,8155,9007
5745,135,5534
2577,8919,908,5534
2577,5394
2577,11156,12442
5731,261,455,6440
12132,261,140,5086
3804,8364,2076
7065,7259,7595
6966,6504,7595,687
3272,8410,5534
2577,11156,3223,8364,5534
5745,11156,261,7641,6319
12132,11156,7259,3804,6637,5534
6638,6559
@dps-end:
@rep:4
@time:2.87
@trys:745856
@seed:124987441
@dps-begin:
6439,8828,5453,6638
5949
2577,6504,6319
7830,4526
5731,7830,666
9361,5394
8954,6637,3039
275,7893,7259
8259,10501,8103
11376,8364,6319
10501,8919
3410,7259,9007
12442,8828,6637,5534
9361,280,2714,666
10501,4933
8259,8364,6319
7259,8828,7229
261,5086
9328,244,10967
2600,8364,3039
@dps-end:
@rep:5
@time:3.151
@trys:759017
@seed:123979721
@dps-begin:
6439,3804,8828,6638
5949
7830,9623,7528,6319
11088,9361,1319,6504
5394,6973
10859,7259,12446
11088,278,10424,7052
9173,6618,3804,12446,4526
2577,8364,3967
6659,9007
10501,5669,7528,6973
11088,9361,7249,2577,6082,7830,902,8828
2577,6082,10424,8364
10501,1319,6973,542,3967
1319,8364,8927
902,1319,8410,7259,3804,6638
11446,8828
902,8054,6319
9173,8103,6462,6638
9361,7259,8364
@dps-end:
@rep:6
@time:4.59
@trys:1035843
@seed:119777719
@dps-begin:
2577,10706,12390,6439,5453,6638,3919
5949
7830,4526
11138,1610,9007,4463
6504,6973
7555,11160,7804,8607
6512,5669
10501,9173,2413
5394,4463
11138,10150,2413,6638,4463
1809,10424,9262
10501,7830,5086
352,5745,6082,7259
7555,8165,10150,11612
304,6754,8919
10706,8165,7259,6222
8006,966,7259
10501,8006,966,9262,8607
6439,10279,7259,6637
145,7830,11612,3919
@dps-end:
@rep:7
@time:3.48
@trys:834070
@seed:117705823
@dps-begin:
2577,6439,8330,3804,6638,3919
5949
8165,11498,5534
11958,6504,4077,318
7259,9007
8259,10501,7014
5394,6973
2577,7249,280
5745,10150,3039
10357,6319
8165,7528,10649,6638
8919,5534
244,261,7493,3759
5669,261,7493,10501,11958,11498
244,10501,10649,11275
9328,631,6440,8155
8165,5692,4526
7749,8364,5534,6319
7778,7493,10501,8330,7259
1537,4840,6440,5534
@dps-end:
@rep:8
@time:4.05
@trys:934992
@seed:112131119
@dps-begin:
2577,10706,261,5453,6638,3919,6239
5949
12132,6504,3804
7830,5453,6638,4526
11504,6501,10501,9007
7259,9262
5394,6973
8364,318,6319,3855
7641,6637,10046,5534
7641,12491,8364,6638,3919
10501,8919,5534
8455,8410,7259
5733,7259,6973,3919
6011,6319
6659,11156,3804,6973,6319
1424,8410,5534
8275,8568
7749,10204
9504,966,8455
6440,5785,7641,8954
@dps-end:
@rep:9
@time:3.35
@trys:808931
@seed:108626351
@dps-begin:
10706,261,6439,8552,5453,6638,3919
5949
5394,9673,3804
7810,261,1319
452,7830,8364,6637
7798,11160
9716,11336,7259,7595,3919
6028,318,9007
7830,6439,5534,10367
10501,8919,4825
6423,7259
7528,4526
7528,7052,6319
9673,12442,5534
4792,8155,11052
1319,7259,5534,6319
1745,902,7528,6973,6637,5534
10865,10150,4825,6638
10865,7528,6169,4508
4825,6973,10367
@dps-end:
@rep:10
@time:4.0
@trys:972882
@seed:107980007
@dps-begin:
2577,1171,12390,6439,3804,3919
5949
9173,7259,6319
8275,10501,1706
6504,7595
5394,6973
10501,11160,5724
9173,7798,10150
10501,12442,8943
10501,8919
11156,6006,683,6637,6222
6512,10501,9007
10865,3586,7595,8364
10865,10967,7259,3919
10967,11498,908,5724
722,10501,10150
10865,280,666
11156,261,8492,6319
2515,5290,8364,6319
6512,261,8954,6319
@dps-end:
