@rep:1
@time:1.06
@trys:494522
@seed:179424673
@dps-begin:
4785,150,1499,6764
276,6236
1969,629,312,5119
150,6207,5791,6879
5254,1782,2137
808,1259,5101
5830,3592
3122,3079
1810,6697,377,2283,2223
2226,4247
5968,2233
6768,459
5986,1234,3622
6565,3157,1759
4898,4773,5005
153
4704,4863
290,3862,3273
4208,5628
2875,5791
@dps-end:
@rep:2
@time:1.02
@trys:479982
@seed:125164703
@dps-begin:
4785,150,2838,1499
3651,564,5471
4645,5243
822,5791
2224,4645,822,1499,2462,5679
3489,2173
2816,4481
3445,3468
2417,1082
4176,4143
2664,493
5604,1423
3799,5774
629,855,3338
4835,2462
1608,7020
3157,440
3027,3509
5777,1018
440
@dps-end:
@rep:3
@time:0.89
@trys:423241
@seed:132011827
@dps-begin:
4785,150,2838,1499
6245,5243
896,3451
6726,4042
145,100
6946,2179
2224,3411,6245
3411,5885,1535
1308,4366
5073,100
693,5215
5402,5277
2224,6053
6040,302
153
1215
3027,1692
3381,6199
1572
6093,3069,6158
@dps-end:
@rep:4
@time:0.84
@trys:401584
@seed:124987441
@dps-begin:
4785,150,1499,6764
276,5243
2752,5826,5979,2315
4394,2635,4095
6726,159
227,822
5712,4994,2974
2247,2923
629,6477,5791
4773,855,2987
2752,136,3338,2204
7024,7055
1449,1195,6619
4659,3220,4774
759,5885,1311
6804
0
2048,6073
5885,5087
66,5323
@dps-end:
@rep:5
@time:0.868
@trys:416128
@seed:123979721
@dps-begin:
4785,2838,150,1499
6718,159,6911
4042,3069
5396,156
5840,4032,5885
3157,4187,2283,204,2781
100,1039
156,4351
6229,775
3430,5127,159
5073,5254,3912,4140
2247,5262
0,2226
1970,66,3220,2298
3445,5885
2096,4213,2655
4835,822
5570
3365,6718
4023,1311
@dps-end:
@rep:6
@time:1.67
@trys:772372
@seed:119777719
@dps-begin:
3240,3130,4938,1499,2335
276,6236
981,2838
4211,2283,3996
2768,1832,5961
5961,3247
2776,156
2337,1646
887,7117
6994,1464
4276,6088,155
4051
1620,3979
3402,156
3722,3996
210,1215
6080,4247,1259
5570
6804
134,3130,4731
@dps-end:
@rep:7
@time:1.13
@trys:544320
@seed:117705823
@dps-begin:
4785,150,4938,1499,6764
833,822,1499,1405
6768,3035
2224,1759
4307,3316
389,6764
419,3635,506
6768,5424,6235
1079,5885
3316,5885,5119
2757,3240,6235,1499
6688,6946
6768,4985
2096,3489
564,2315,3391
4912,5481,1084
2081,3673,2173
4912,6236
3122,3622
5073,485,4247,3240
@dps-end:
@rep:8
@time:0.95
@trys:458553
@seed:112131119
@dps-begin:
4785,2838,150,1499
276,6236
4641,150
4187,159
2224,1103
3140,6245,630,2298
1499,5343,5199
1920,759
3012,4148,6329,5885
642,245
6227,1620
4757,1503
153
2503,3962
4773,1709
2979,3055
1904,4512
4703
1998
2096,3092
@dps-end:
@rep:9
@time:0.94
@trys:444362
@seed:108626351
@dps-begin:
4785,150,4938,1499,6764
4773,5243
5424,4641
1825,156
6946,6839
6416,4785,717,4430
4562,4952
134,5162
3432,4314,1116,3103
3348,6233
100,1860
4627,3519
242,6953
5179,6207
5909,1116,6716
5752,6207
440
7117,5277
2635,6716
1572
@dps-end:
@rep:10
@time:1.17
@trys:536586
@seed:107980007
@dps-begin:
4785,150,4938,1499,6764
2952,5961
5885,4558,1375
5424,6865
1920
6260,1014,4488
1355,3211,4926,5135
0,6879
5826,1727
419,3099,7117
2816,6726,7117
4773,6887
2177,4607
3746,651
156,6333
5530,5774
6804
5781,861
1079,3592
5130,3420
@dps-end:
