@rep:1
@time:0.98
@trys:294433
@seed:179424673
@dps-begin:
2465,6964,5432,4952,2585,3161
4119,2104
6277,502,2423,2445
1392,3029,3161
2423,5404,4542,6527
4098,691,1799
4226,2446
6964,4774,3532
4981,1799
1607,3161
309,4376,5149
1256,3161,249
4098,852,1142
2465,4098,6212,4296
3104,6257,3764,3371
6210,6964,4589
2465,1686,5133
2224,2646,2295
6980,5143,3754
4774,4697
@dps-end:
@rep:2
@time:0.87
@trys:266465
@seed:125164703
@dps-begin:
2336,3682,6964,4952,3161,6527
4981,4247
6964,500,3784,3371,6399
6964,4427,4459,2125
1329,2423
2465,2646,5149
1799,5675,6527
1961,6090,1099
3093,3161,349
1142,1799,3784
2610,4005,2743,6839,4952,1661
5332,3342,3519
6964,1607,1838
4981
563,2646,3754
929,4966
496,865
6964,3773
5056,5133,3342
1072,4000,2609,1799
@dps-end:
@rep:3
@time:0.86
@trys:273899
@seed:132011827
@dps-begin:
496,2465,6964,2585,5420,6527
1329,6964,2616,299
144,6964,3371
4517,6150,4264,2585,1661
4226,4098
1440,6964,6392,6344
6528,6964,5133
2465,4981
2336,2585,5149
496,4098,2810,4204,5420
2423,1931
3093,1799
3029,4344,5149
3177,6527
4098,5332,6964,4766
6720,4008,1931,1838
6257,214,3371
856,2585,1661
1680,6947,1931
4998,1577,4461
@dps-end:
@rep:4
@time:1.22
@trys:359293
@seed:124987441
@dps-begin:
2465,4482,6964,3161,2585,6043
4981,5432
6964,6212,2446
3320
4226,2445
1440,6964,3161
2226,1607,4200,3161,1661
4482,5332,3161
3161,5149
3682,306,3161
4098,1812,1931
1799,2585
4998,3177
1651
691,5899,6527
4098,6090,6527
5493,4247,3161
1142,4461,2125
4281,2125,6527
2610,3047,5432
@dps-end:
@rep:5
@time:0.83
@trys:265893
@seed:123979721
@dps-begin:
5169,4482,6964,4952,2585,6527
4952,2585,2446
4981,3784,2923
354,1799
3320
4226,6100,4998
1651
309,1142,1799
2482,1572
4482,3011,2423,1799,4618
3779,6596,2646,2423,5527
5030,5831,299
6964,1607
4337,4979,2585,4909
4482,5332
5149,6527
2930,3091,4998,4459
3161,2925
6964,5493
1440,4098
@dps-end:
@rep:6
@time:0.83
@trys:266280
@seed:119777719
@dps-begin:
2465,4482,6964,4952,2585,6527
455,2104
4981,2585
1939,6212,6100,4952
6964,3687,2585
208,6210,2037,3029,4203,3342
2385,2423,2585,2733
4226,4937
3104,4774
5332,6964
455,3687,2125
3029,2616,2585,4203,5133
6592,5149,4461,3342
4197,4998,2646
6596,2646
6720,1440
6784,6964,1365
1072,2423,6527
6964,2763
2306,3320
@dps-end:
@rep:7
@time:0.91
@trys:280765
@seed:117705823
@dps-begin:
5169,5603,6964,4952,3161,2445,6527
5169,2104,6024
4981,249
5169,3687,6527
2930,6964
4226,1034
6481,2482,6964,5133
6210,2646,2423,3342
691,3029,1661,5149
3161,2763,4204
3779,6964,3735
1939,1799,4440,6399
3371,2125,1838
3029,2646,329,1675
691,3531,3342
6212,3161
1440,3342,6527
500,4197,3161
19,3320
1680,1577,5388
@dps-end:
@rep:8
@time:0.87
@trys:273467
@seed:112131119
@dps-begin:
2465,4482,1939,6964,3161,6043
6964,4774,1214
614,3161,5149
354,133,5784,6264,6043
4482,6596
4226,2445
6964,1607,4376
2423,1799,6527,4319
4774,4459
6964,1144
5122,4981,2139
5088,2646
6528,3177
1440,6212,4662,4344,6043,2446
3216,1142
5603,5332,1661
6964,6100,3093,4281,2810,4699
354,4517,3658,1946
496,6720,2930,6212,5700,437,2810
1105,4337,500,3460
@dps-end:
@rep:9
@time:0.93
@trys:287582
@seed:108626351
@dps-begin:
385,6964,4952,2585,2445,6527
6964,455,2104
4981,2812
2423,4461
4226,1661
1939,6212,3093,3711
1440,6720,1939
1072,2465,1474,376,1512,5995,1661
5603,455,1607
4864,5986,6210,1799
4774,6150,6031
3840,6100,1799,5831,3608
403,4459,5133
2982,4952,3161
2295,5149
354,1939,5557
4517,4197,4662,1961
354,3320
5784,4649
5332,1144,3161,1644
@dps-end:
@rep:10
@time:0.87
@trys:280563
@seed:107980007
@dps-begin:
385,6964,2585,5420,6527
496,2585,3754,2125
354,1799
4981,1038
6210,2982,2646
6964,6596
4226,5454
1651,2799
1939,3125,1799,5979,5454
5122,3029,5149
3177,4315
3320,5593
5332,3161
2465,5831,5386,4461
1440,144,6527
4998,5899,4430
6964,4022,7051
2295,1661,5133
852,376,4461,6253
6964,6839,3245
@dps-end:
