@rep:1
@time:1.76
@trys:699486
@seed:179424673
@dps-begin:
978,9570,2579,6326,9976,2665,8415
97,6004,2665,7353
2665,9675,6220
7009,1682,2665
9572,7880,1721
6326,7974,9976,1706
8609,9368
97,7353,2665
2665,7372,7199
97,1973,1983
6326,2936,2665,7114
6326,7880,9022
134,7114,763
2278,6169
9572,1721,9260
97,562,2665,7114
2579,7401,2665
8006,2251
6073,2665,2029
9920,97,2665,1983
@dps-end:
@rep:2
@time:1.85
@trys:749691
@seed:125164703
@dps-begin:
8609,9570,2579,6326,2665,8171,8415
2665,7114,9675
6326,4935,7880
9572,6326,2029
709,2665,9161,6380
8609,9368,2603
6326,9675,9710
2665,2603,763
8609,6326,2665
5363,9368,2174
8006,2278
2579,5511,9291
2800,709,7992
8609,6326,7401,2665
5569,6326,7880
6065,6169,4204
7880,9675
8609,5233,2174
5233,6326,2603
7089,5609
@dps-end:
@rep:3
@time:1.56
@trys:639174
@seed:132011827
@dps-begin:
978,1059,2579,21,2665
7009,2665,7069,3389
97,7592,2665
6099,7592,7199
5363,6326,7880
9368,3579
8002,6921,9867
709,9161,9915
6099,6326,2665
7880,2665,9022
6326,2936,7353,2665
97,7592,7353
8609,2579,7031
9682,7547
8691,2665,7401
8609,6169,3389
9161,3722,4429
9572,763,2029
9161,9915,9675
5569,9368,6537
@dps-end:
@rep:4
@time:1.884
@trys:740054
@seed:124987441
@dps-begin:
8609,9570,2579,6326,214,2665,8415
8852,6326,9368
7009,5876,10069,2665,5050
5876,7353,2665
6004,7880,2665,9675
6326,2665,4892,5982
2665,763,2029
9161,6169,9915
2800,8609,8006
8609,9570,8691,9368
97,7880,7353,8415
8609,6326,7822
6099,5701,9368
8691,9161,6073,9675
5876,6073,9710
2936,2665,7114
7880,9368,2174
5808,9572
9570,7031,9368
97,7880,7353
@dps-end:
@rep:5
@time:1.78
@trys:719998
@seed:123979721
@dps-begin:
9570,6326,9976,2665,2095,8415
5876,2665,7353,9675,7199
9368,2665,3579
97,9572,3364
709,2422,6169
8609,2174,5982
1858,6099,7372
8609,97,6846
97,6326,7592,6073
8609,2579,7031
9976,2665,4042
8691,6073,9161,9675
4261,1926,8137,9161
1858,1706,7372
9675,2251,7199
3364,9572
9368,6537
5876,7353,7199
9570,5876,2665
3797,6169
@dps-end:
@rep:6
@time:1.63
@trys:638942
@seed:119777719
@dps-begin:
8609,978,9570,2579,6326,2665,8415
8609,9368,6537
2665,7114,9675
5363,7880,2665
7974,7880,3913
3763,6326,2665,9022
2579,2665,2174
709,2422,6169
7974,8317,7822
8852,9572
8609,7880,6139
97,7353,9022
5363,7880
6632,2665,7372
5233,9972,7114
4978,1049
2665,9228,5982
4914,6099,7880,9161
5363,1768,2665,2093,1983
6004,7974,9675
@dps-end:
@rep:7
@time:2.35
@trys:921592
@seed:117705823
@dps-begin:
8609,978,9570,2579,6326,2665,8415
4978,2174
10069,7114,4715
8609,6326,6169
4594,2665,9675
5363,6326,7880
97,2665,8415
9572,7880,7199
6326,9675,3389
5233,7992,2665
1059,8006,1501
2579,5511,3500
9675,7069,9710
7114,7199
6326,2665,1706
9368,8171
6796,9022
6054,6169
562,5701
6326,7547
@dps-end:
@rep:8
@time:1.6
@trys:639384
@seed:112131119
@dps-begin:
9570,6326,9976,2665,2095,8415
97,2665,4042
5876,2665,7353
9161,9915,9022
6099,2251,7199
9974,6073,7114
97,3364,9572
8609,7974,6169
6099,2665,7199
1059,2665,6846
2665,7114,2875
8609,2665,2174
956,2029,9022
7880,2665,4235,9022
9762,9867,3579
8609,5091,2665,5050
7353,4235,9022
5120,8609,134
9075,9161,5982
9368,1150
@dps-end:
@rep:9
@time:1.57
@trys:628525
@seed:108626351
@dps-begin:
9570,6326,9976,2665,8415,2095
2665,7114,9675,7199
5363,7880,2665
97,9572,2029
8609,8006
9570,2665,7517,8415
8609,7031,7822
6099,2665,7199
709,918,680
9570,9572,6537
6169,4223
5233,97,2665,6796
6169,4223
7089,6220,3389
6326,7401,2665
1858,2665,9194,9675
7353,7114,2251,6110
7114,3981,7007
7880,9022,1983
5233,2579,7880
@dps-end:
@rep:10
@time:1.8
@trys:719646
@seed:107980007
@dps-begin:
8609,978,2579,6326,2665,8415
6326,7880,2665,8415
2665,7689,9675,8415
6169,9161,5086
9572,6326,2029
8609,9368
1059,8317,6846
7974,2665,3579
978,4978,6326
8609,6169
4042,5982,9022
8691,7880,2665,570
6326,7114,5086
6709,7880,9178
709,6326,5982
6326,7880,2665,9710
10080,3986,8317
7009,7880,7114
8006,6537
9572,2665,8958
@dps-end:
