@rep:1
@time:2.74
@trys:657094
@seed:179424673
@dps-begin:
2577,261,6439,3804,6638,3919
6064,2729,4463
3333,10907
12240,4749,9551
8568,9293
304,7226
4792,7497,3449,8155
7830,8776
10240,10751
4275,7014,11997,7583
5394,6423,5401
10769,5333
12135
1265,9397
6993,6618
5333,4888
5394,6317,4463
7830,11446,7497
11584,191
10036,6504
@dps-end:
@rep:2
@time:3.88
@trys:884257
@seed:125164703
@dps-begin:
10706,261,8552,5453,6638,3919,6239
7595,10907
4288,5394,10644
5968,8954
7249,9326,1918
5261,4526
9937,7893,8981,7528
6149,5333
12257,10907
6144
9036,191
11697,10279,6638
5957,902,6095
12135
10480,6741
8130,3834
6466,83,10279
5333,6462
11044,1610,8410,8943
11446,8552,5453,10367
@dps-end:
@rep:3
@time:3.75
@trys:896645
@seed:132011827
@dps-begin:
261,6439,8552,3804,6638,3919
6421,2878
11009,8568,11977
10480,8385
7185,12442,6222
6144
8776
11160,191
5745,11446
9202,3270,7208,11789
8930,7042
8208,5669
10501,8919,6011
10150,11033,1610
5394,10533,5421
6466,3481,6319
10357,7194
5669,7079
10640,10501,10647
12312,3481
@dps-end:
@rep:4
@time:2.9
@trys:720718
@seed:124987441
@dps-begin:
6439,8828,5453,6638
5394,1466,542,4463
10907,399
11446,9262
452,5485
7259,7069
5394,7259,6559
4452,651,8927
7408,8535,7647
8439
12513,10415
3481,8927
7024,1594,9262
8915,10150
1594,8447
6403,6559
7776,3459,6559
8776,7711
8915,3459
12135,3085
@dps-end:
@rep:5
@time:2.9
@trys:720151
@seed:123979721
@dps-begin:
6439,3804,8828,6638
2660,5957,3855
8568,12525
6762,10907
6993,8954
7149,4526
9551,191
10640,8919
3481,2762
6144
6301
3459,4522,9178,10606
10967,1319,6347,5388,8943
5394,8103,4570
2660,7830,8630
1319,3834
7764,9397
1319,10967,5449,3804
8750,1743
10640,8975
@dps-end:
@rep:6
@time:4.53
@trys:1010641
@seed:119777719
@dps-begin:
2577,10706,12390,6439,5453,6638,3919
10240,10640,8828
1570,5333
6064,6849,6222
5957,9262
8198,10907
9673,7595,7420
8776
8919,4526
11920,8563,191
12135
10761,6637
9056,10150
6144,4213
7440,7810,1220
7810,5094,10279,8828
672,10279
10452,5669
8930,11506,9151
9827,3834,5453,8815
@dps-end:
@rep:7
@time:3.44
@trys:808780
@seed:117705823
@dps-begin:
2577,6439,8330,3804,6638,3919
1225,3804,8332
2577,1250,6504,7595,8669
554,10907
6144
8630,11160
8776
2577,5333,6935
4290,10279,6504
6504,7950
1522,10150,10279,9772
5885
12135
908,191
6659,7149,8927
8646,10150,1054
3925,7690
7168,8568,6409
10803,3925,8919,11160,651
10240,6659,651
@dps-end:
@rep:8
@time:4.02
@trys:909477
@seed:112131119
@dps-begin:
2577,10706,261,5453,6638,3919,6239
5203,8364,5949
6064,7052
4968,10907
9234,6504,318
8776,4825
6144
3459,9178
9397,7052,8364
1537,11156,1958,10859
12135
11156,5086,318,10303
6003,6566,2506
5333,2246
1537,11612,5086
1537,9397,3837
12048,11736,8364
6003,11156,6504,3434
2577,990
3459,1732,4846
@dps-end:
@rep:9
@time:3.33
@trys:783394
@seed:108626351
@dps-begin:
10706,261,6439,8552,5453,6638,3919
12132,10907
10652,5949
5251,7259
6003,2166,9995,3804,7711
8552,7226
6003,8630,3804
7764,11446
12132,7509,8410,1853
7509,8953
8066,2729
12135
1594,7149
6693,10150
7185,6579
452,974,9007
8275,3496,8927
6192,10523
8064,8275,10150,8410
7718,5976,11197
@dps-end:
@rep:10
@time:3.99
@trys:947624
@seed:107980007
@dps-begin:
2577,1171,12390,6439,3804,3919
5968,280
10501,10523
10480,9270
5394,6222
3481,5196
6064,8332
9187,4463
8066,9007
11958,10523
5333,9270,10967
7622,9704,6863,9007
11670,10150,8364
8896,10097,9007
4434,10948,6550,6504
5885
12135
7509,1021,4526
7185,10249
5968,6395,8364
@dps-end:
