@rep:1
@time:1.34
@trys:423976
@seed:179424673
@dps-begin:
5608,2137,4602,6364,3757,3710,1454
1830,3752,2137,5564
116,5543,3757
295,6503,5928,892
5364,1579
3088,1112
5268,6286
2673,1907,3515,3627
3908,1149,6606
785,3126,3853
6307,4860
6692,2471
4996,5141,4602
4832,4278,2749
6672,832,3627
3953,1314,3277
1686,3959,4602,1630
4826,3115,1579
3031,2395
544,4760,4331
@dps-end:
@rep:2
@time:1.33
@trys:424004
@seed:125164703
@dps-begin:
6672,448,116,5608,2137,6364,3710
1777,3027,6265
4644,372,6683
66,356,6292,2671
785,3126,7036,3935
1186,4698,1306,318,4126
3543,1501,6286
5744,2033,6729,6333
4644,1495
3207,235,1103
3088,2896,3211
5924,2937,4959
1366,2280,4331
3277,2910
6884,2996,3560,2024
6899,1014,5543,4875,123,6222
3146
3088,2830
5874,835,1366,6888,4973,3694
2666,3551
@dps-end:
@rep:3
@time:1.48
@trys:466405
@seed:132011827
@dps-begin:
6452,116,5608,1401,4602,6364,3710
1314,5219,1579
3232,4611
5268,7017,3757,6893
2673,1720,3146
318,4527,2671
2368,6292,132,372
1907,549,4348
1984,5956,1013,5498,2442
1830,5079,2890,3551
5874,84,5831,87,5564
2368,5653,6364,3551
3380,6869
2251,892,2623
425,2666,4556
1158,1830
2412,1758
2737,1186,6214,5433,5037,2158
578,1065
4944,330,2476
@dps-end:
@rep:4
@time:1.26
@trys:409339
@seed:124987441
@dps-begin:
5608,4602,6364,3757,3710,1454,3951
6752,1366,892,5564
3027,422,1112
3648,3427,1656,4602,591
2640,2290,5268
3088,4772,4678,4027,4655
5046,1529,1401,5564
5268,1429,283,5230
2996,488
3360,6292,3293
3723
2454,359
4434,5845,4934,4602
4628,7050,1869
1830
359,1614,2671
1712,1656,79
2755,4628,123
1876,764,1869
2666,3038
@dps-end:
@rep:5
@time:1.28
@trys:409166
@seed:123979721
@dps-begin:
6452,5608,4602,6364,3757,1454,3710
4611,5543,76,1949
6068,372,3543,359
1153,4346,2623
4611,6292,1916
3200,4585,1579,2830,1103,2671
3760,3558,2022,1366,1321
2640,1169,356,3146
1186,2005,935,2251
5185,291,2666
5044,2390,2729,5887
7096,6265,620,4637
2996,359,1454
4516,5855
4352,5543
2996,3725,3966
291,2666
1314,6963,1469,1037
2390,486,5113
4914,4678
@dps-end:
@rep:6
@time:1.99
@trys:594820
@seed:119777719
@dps-begin:
6452,116,3752,5608,6364,3710,5999
4784,1169,946,3675,5310
1671,359,3806,6286
3146,1103
295,5928,2137
3027,6265,4620,1149
3200,2370,2597,6508,4383
4516,1366,2973,783
4611,5462,2985,3627
2660,6935,2233,6364,892
803,3844,3131,892
7088,6066,5493,1947,4860
6400,3723,4027
422,359,649,5466
2866,422
4352,6811
6869,1944,3438
4611,3774,3743
7017,4398
2436,2395
@dps-end:
@rep:7
@time:1.3
@trys:416646
@seed:117705823
@dps-begin:
5608,2137,4602,6364,3757,3710,1454
4738,372,4602,1931
6292,3418,5564
3184,6384,2673,3107
1779,5316,6452,5189,3543,3752
1186,6884,3725
5543,5049,1149
4106,3229,1743
5155,3723
3088,2737
2471,3560
2627,1433
6292,6180,3006
2673,2996,2137
5956,5580
4516,3823
4691,1614
1730,3229,1743
6368,356
2640,5496,5994
@dps-end:
@rep:8
@time:1.23
@trys:395135
@seed:112131119
@dps-begin:
116,6695,5608,3752,1401,6364,3710
5268,6286,591
356,359,7050
5316,3031,6265,3551
6787,1366,4247,6265,4042
1830,3710
356,7050,4602,6286
2996,4602
2036,5268
789,8,6429
1777,2566,602
5585,1656,1629
332,5564,3629
6208,2156,4638
2566,3752,2491,1743
3568,651
2563,5268,5958
2928,2436
4914,425
6612,5855
@dps-end:
@rep:9
@time:1.32
@trys:423433
@seed:108626351
@dps-begin:
116,6452,5608,4602,6364,1454,3710
6292,372,3833
2896,3027,6471
3907,4005,6333,717,6286
2673,1981,1198,2623
7050,1579
6292,1433,7017
3031,6185
5845,1830,536,1644
2640,5784,3146
4933,3629
4611,649,6171,4331,1164
6466,6265,3627
2657,6450,2390,536
1456,1366,798
5969,1314,6852
2666,3181
3959,7114,651
1817,6282
5189,2892
@dps-end:
@rep:10
@time:1.46
@trys:473855
@seed:107980007
@dps-begin:
6452,1300,5608,4602,6364,3710,1454
372,1112,6973
1876,359,1671,6364,6286
4674,3543,6074,1438,3551
3953,3675
165,6471,935,651,6286
372,6265
1910,823
3521,4546,1863,567
5509,695,6247,3146,6286
1777,5222,2671
529,2666,892
529,6692,1495
6752,945,2060,5149
3088,6247
4919,1495,1433
5876,1673,1306,2493
6692,5509,1614
695,1323
4592,2640,4599
@dps-end:
